"province","date_vaccine_completed","cvaccine","cumulative_cvaccine"
"Alberta","12-01-2021",0,0
"Alberta","13-01-2021",0,0
"Alberta","14-01-2021",0,0
"Alberta","15-01-2021",0,0
"Alberta","16-01-2021",0,0
"Alberta","17-01-2021",0,0
"Alberta","18-01-2021",0,0
"Alberta","19-01-2021",0,0
"Alberta","20-01-2021",0,0
"Alberta","21-01-2021",7003,7003
"Alberta","22-01-2021",269,7272
"Alberta","23-01-2021",0,7272
"Alberta","24-01-2021",0,7272
"Alberta","25-01-2021",2604,9876
"Alberta","26-01-2021",298,10174
"Alberta","27-01-2021",1188,11362
"Alberta","28-01-2021",1310,12672
"Alberta","29-01-2021",1680,14352
"Alberta","30-01-2021",1296,15648
"Alberta","31-01-2021",470,16118
"Alberta","01-02-2021",91,16209
"Alberta","02-02-2021",982,17191
"Alberta","03-02-2021",1779,18970
"Alberta","04-02-2021",2824,21794
"Alberta","05-02-2021",1474,23268
"Alberta","06-02-2021",2272,25540
"Alberta","07-02-2021",1508,27048
"Alberta","08-02-2021",1943,28991
"Alberta","09-02-2021",3699,32690
"Alberta","10-02-2021",4309,36999
"Alberta","11-02-2021",5163,42162
"Alberta","12-02-2021",3748,45910
"Alberta","13-02-2021",3256,49166
"Alberta","14-02-2021",1689,50855
"Alberta","15-02-2021",756,51611
"Alberta","16-02-2021",2413,54024
"Alberta","17-02-2021",2570,56594
"Alberta","18-02-2021",2080,58674
"Alberta","19-02-2021",2845,61519
"Alberta","20-02-2021",2363,63882
"Alberta","21-02-2021",2475,66357
"Alberta","22-02-2021",3005,69362
"Alberta","23-02-2021",4356,73718
"Alberta","24-02-2021",3636,77354
"Alberta","25-02-2021",3266,80620
"Alberta","26-02-2021",2369,82989
"Alberta","27-02-2021",2453,85442
"Alberta","28-02-2021",2253,87695
"Alberta","01-03-2021",450,88145
"Alberta","02-03-2021",394,88539
"Alberta","03-03-2021",555,89094
"Alberta","04-03-2021",692,89786
"Alberta","05-03-2021",700,90486
"Alberta","06-03-2021",338,90824
"Alberta","07-03-2021",113,90937
"Alberta","08-03-2021",90,91027
"Alberta","09-03-2021",111,91138
"Alberta","10-03-2021",121,91259
"Alberta","11-03-2021",107,91366
"Alberta","12-03-2021",104,91470
"Alberta","13-03-2021",50,91520
"Alberta","14-03-2021",18,91538
"Alberta","15-03-2021",55,91593
"Alberta","16-03-2021",275,91868
"Alberta","17-03-2021",213,92081
"Alberta","18-03-2021",297,92378
"Alberta","19-03-2021",557,92935
"Alberta","20-03-2021",259,93194
"Alberta","21-03-2021",42,93236
"Alberta","22-03-2021",178,93414
"Alberta","23-03-2021",267,93681
"Alberta","24-03-2021",229,93910
"Alberta","25-03-2021",437,94347
"Alberta","26-03-2021",600,94947
"Alberta","27-03-2021",505,95452
"Alberta","28-03-2021",995,96447
"Alberta","29-03-2021",1114,97561
"Alberta","30-03-2021",1817,99378
"Alberta","31-03-2021",1920,101298
"Alberta","01-04-2021",2628,103926
"Alberta","02-04-2021",0,103926
"Alberta","03-04-2021",0,103926
"Alberta","04-04-2021",0,103926
"Alberta","05-04-2021",12272,116198
"Alberta","06-04-2021",7074,123272
"Alberta","07-04-2021",10129,133401
"Alberta","08-04-2021",10224,143625
"Alberta","09-04-2021",10392,154017
"Alberta","10-04-2021",0,154017
"Alberta","11-04-2021",9515,163532
"Alberta","12-04-2021",13409,176941
"Alberta","13-04-2021",9215,186156
"Alberta","14-04-2021",7856,194012
"Alberta","15-04-2021",8829,202841
"Alberta","16-04-2021",8826,211667
"Alberta","17-04-2021",8805,220472
"Alberta","18-04-2021",7298,227770
"Alberta","19-04-2021",5570,233340
"Alberta","20-04-2021",5937,239277
"Alberta","21-04-2021",5250,244527
"Alberta","22-04-2021",7895,252422
"Alberta","23-04-2021",7809,260231
"Alberta","24-04-2021",6964,267195
"Alberta","25-04-2021",4295,271490
"Alberta","26-04-2021",2799,274289
"Alberta","27-04-2021",10581,284870
"Alberta","28-04-2021",3725,288595
"Alberta","29-04-2021",4170,292765
"Alberta","30-04-2021",3525,296290
"Alberta","01-05-2021",3639,299929
"Alberta","02-05-2021",826,300755
"Alberta","03-05-2021",643,301398
"Alberta","04-05-2021",2111,303509
"Alberta","05-05-2021",2002,305511
"Alberta","06-05-2021",2516,308027
"Alberta","07-05-2021",3881,311908
"Alberta","08-05-2021",2596,314504
"Alberta","09-05-2021",1853,316357
"Alberta","10-05-2021",2484,318841
"Alberta","11-05-2021",938,319779
"Alberta","12-05-2021",972,320751
"Alberta","13-05-2021",1496,322247
"Alberta","14-05-2021",3162,325409
"Alberta","15-05-2021",1654,327063
"Alberta","16-05-2021",1351,328414
"Alberta","17-05-2021",1199,329613
"Alberta","18-05-2021",989,330602
"Alberta","19-05-2021",1674,332276
"Alberta","20-05-2021",3206,335482
"Alberta","21-05-2021",6128,341610
"Alberta","22-05-2021",5398,347008
"Alberta","23-05-2021",4533,351541
"Alberta","24-05-2021",1751,353292
"Alberta","25-05-2021",1170,354462
"Alberta","26-05-2021",3501,357963
"Alberta","27-05-2021",5963,363926
"Alberta","28-05-2021",8225,372151
"Alberta","29-05-2021",8864,381015
"Alberta","30-05-2021",7185,388200
"Alberta","31-05-2021",2975,391175
"Alberta","01-06-2021",6034,397209
"Alberta","02-06-2021",9503,406712
"Alberta","03-06-2021",22777,429489
"Alberta","04-06-2021",36780,466269
"Alberta","05-06-2021",36564,502833
"Alberta","06-06-2021",26669,529502
"Alberta","07-06-2021",16351,545853
"Alberta","08-06-2021",27358,573211
"Alberta","09-06-2021",24928,598139
"Alberta","10-06-2021",36635,634774
"Alberta","11-06-2021",43767,678541
"Alberta","12-06-2021",50596,729137
"Alberta","13-06-2021",38449,767586
"Alberta","14-06-2021",24770,792356
"Alberta","15-06-2021",44257,836613
"Alberta","16-06-2021",41981,878594
"Alberta","17-06-2021",43682,922276
"Alberta","18-06-2021",60910,983186
"Alberta","19-06-2021",57554,1040740
"Alberta","20-06-2021",47029,1087769
"Alberta","21-06-2021",25572,1113341
"Alberta","22-06-2021",43633,1156974
"Alberta","23-06-2021",43892,1200866
"Alberta","24-06-2021",54308,1255174
"Alberta","25-06-2021",52259,1307433
"Alberta","26-06-2021",0,1307433
"Alberta","27-06-2021",0,1307433
"Alberta","28-06-2021",161525,1468958
"Alberta","29-06-2021",63417,1532375
"Alberta","30-06-2021",61025,1593400
"Alberta","01-07-2021",0,1593400
"Alberta","02-07-2021",91667,1685067
"Alberta","03-07-2021",0,1685067
"Alberta","04-07-2021",0,1685067
"Alberta","05-07-2021",134201,1819268
"Alberta","06-07-2021",46450,1865718
"Alberta","07-07-2021",39682,1905400
"Alberta","08-07-2021",49253,1954653
"Alberta","09-07-2021",44039,1998692
"Alberta","10-07-2021",0,1998692
"Alberta","11-07-2021",0,1998692
"Alberta","12-07-2021",81258,2079950
"Alberta","13-07-2021",22768,2102718
"Alberta","14-07-2021",21677,2124395
"Alberta","15-07-2021",23415,2147810
"Alberta","16-07-2021",29819,2177629
"Alberta","17-07-2021",0,2177629
"Alberta","18-07-2021",0,2177629
"Alberta","19-07-2021",66540,2244169
"Alberta","20-07-2021",19269,2263438
"Alberta","21-07-2021",17982,2281420
"Alberta","22-07-2021",24519,2305939
"Alberta","23-07-2021",25140,2331079
"Alberta","24-07-2021",0,2331079
"Alberta","25-07-2021",0,2331079
"Alberta","26-07-2021",54447,2385526
"Alberta","27-07-2021",16310,2401836
"Alberta","28-07-2021",15163,2416999
"Alberta","29-07-2021",13962,2430961
"Alberta","30-07-2021",13329,2444290
"Alberta","31-07-2021",0,2444290
"Alberta","01-08-2021",0,2444290
"Alberta","02-08-2021",0,2444290
"Alberta","03-08-2021",28879,2473169
"Alberta","04-08-2021",9232,2482401
"Alberta","05-08-2021",7835,2490236
"Alberta","06-08-2021",7697,2497933
"Alberta","07-08-2021",0,2497933
"Alberta","08-08-2021",0,2497933
"Alberta","09-08-2021",18200,2516133
"Alberta","10-08-2021",5978,2522111
"Alberta","11-08-2021",5391,2527502
"Alberta","12-08-2021",6184,2533686
"Alberta","13-08-2021",5788,2539474
"Alberta","14-08-2021",0,2539474
"Alberta","15-08-2021",0,2539474
"Alberta","16-08-2021",13735,2553209
"Alberta","17-08-2021",5341,2558550
"Alberta","18-08-2021",4877,2563427
"Alberta","19-08-2021",6240,2569667
"Alberta","20-08-2021",5042,2574709
"Alberta","21-08-2021",0,2574709
"Alberta","22-08-2021",0,2574709
"Alberta","23-08-2021",12218,2586927
"Alberta","24-08-2021",4978,2591905
"Alberta","25-08-2021",4844,2596749
"Alberta","26-08-2021",5246,2601995
"Alberta","27-08-2021",4949,2606944
"Alberta","28-08-2021",0,2606944
"Alberta","29-08-2021",0,2606944
"Alberta","30-08-2021",14177,2621121
"Alberta","31-08-2021",4428,2625549
"Alberta","01-09-2021",4240,2629789
"Alberta","02-09-2021",4482,2634271
"Alberta","03-09-2021",4913,2639184
"Alberta","04-09-2021",0,2639184
"Alberta","05-09-2021",0,2639184
"Alberta","06-09-2021",0,2639184
"Alberta","07-09-2021",14937,2654121
"Alberta","08-09-2021",3614,2657735
"Alberta","09-09-2021",3388,2661123
"Alberta","10-09-2021",3863,2664986
"Alberta","11-09-2021",0,2664986
"Alberta","12-09-2021",0,2664986
"Alberta","13-09-2021",11341,2676327
"Alberta","14-09-2021",4606,2680933
"Alberta","15-09-2021",4129,2685062
"Alberta","16-09-2021",4624,2689686
"Alberta","17-09-2021",9505,2699191
"Alberta","18-09-2021",0,2699191
"Alberta","19-09-2021",0,2699191
"Alberta","20-09-2021",21032,2720223
"Alberta","21-09-2021",18623,2738846
"Alberta","22-09-2021",7295,2746141
"Alberta","23-09-2021",7015,2753156
"Alberta","24-09-2021",7248,2760404
"Alberta","25-09-2021",0,2760404
"Alberta","26-09-2021",0,2760404
"Alberta","27-09-2021",17218,2777622
"Alberta","28-09-2021",5653,2783275
"Alberta","29-09-2021",5503,2788778
"Alberta","30-09-2021",6279,2795057
"Alberta","01-10-2021",6225,2801282
"Alberta","02-10-2021",0,2801282
"Alberta","03-10-2021",0,2801282
"Alberta","04-10-2021",14972,2816254
"Alberta","05-10-2021",8063,2824317
"Alberta","06-10-2021",4985,2829302
"Alberta","07-10-2021",5305,2834607
"Alberta","08-10-2021",6112,2840719
"Alberta","09-10-2021",0,2840719
"Alberta","10-10-2021",0,2840719
"Alberta","11-10-2021",0,2840719
"Alberta","12-10-2021",19207,2859926
"Alberta","13-10-2021",7907,2867833
"Alberta","14-10-2021",8586,2876419
"Alberta","15-10-2021",9606,2886025
"Alberta","16-10-2021",0,2886025
"Alberta","17-10-2021",0,2886025
"Alberta","18-10-2021",24431,2910456
"Alberta","19-10-2021",8952,2919408
"Alberta","20-10-2021",9378,2928786
"Alberta","21-10-2021",8261,2937047
"Alberta","22-10-2021",8665,2945712
"Alberta","23-10-2021",0,2945712
"Alberta","24-10-2021",0,2945712
"Alberta","25-10-2021",22903,2968615
"Alberta","26-10-2021",9497,2978112
"Alberta","27-10-2021",7901,2986013
"Alberta","28-10-2021",7621,2993634
"Alberta","29-10-2021",7565,3001199
"Alberta","30-10-2021",0,3001199
"Alberta","31-10-2021",0,3001199
"Alberta","01-11-2021",18239,3019438
"Alberta","02-11-2021",0,3019438
"Alberta","03-11-2021",11907,3031345
"Alberta","04-11-2021",5562,3036907
"Alberta","05-11-2021",5461,3042368
"Alberta","06-11-2021",0,3042368
"Alberta","07-11-2021",0,3042368
"Alberta","08-11-2021",13493,3055861
"Alberta","09-11-2021",6286,3062147
"Alberta","10-11-2021",4499,3066646
"Alberta","11-11-2021",0,3066646
"Alberta","12-11-2021",8820,3075466
"Alberta","13-11-2021",0,3075466
"Alberta","14-11-2021",0,3075466
"Alberta","15-11-2021",14428,3089894
"Alberta","16-11-2021",5884,3095778
"Alberta","17-11-2021",4339,3100117
"Alberta","18-11-2021",10290,3110407
"Alberta","19-11-2021",4185,3114592
"Alberta","20-11-2021",0,3114592
"Alberta","21-11-2021",0,3114592
"Alberta","22-11-2021",10868,3125460
"Alberta","23-11-2021",4370,3129830
"Alberta","24-11-2021",3830,3133660
"Alberta","25-11-2021",3603,3137263
"Alberta","26-11-2021",3699,3140962
"Alberta","27-11-2021",0,3140962
"Alberta","28-11-2021",0,3140962
"Alberta","29-11-2021",8363,3149325
"Alberta","30-11-2021",3569,3152894
"Alberta","01-12-2021",5133,3158027
"Alberta","02-12-2021",2875,3160902
"Alberta","03-12-2021",2979,3163881
"Alberta","04-12-2021",0,3163881
"Alberta","05-12-2021",0,3163881
"Alberta","06-12-2021",6602,3170483
"BC","12-01-2021",0,0
"BC","13-01-2021",0,0
"BC","14-01-2021",0,0
"BC","15-01-2021",0,0
"BC","16-01-2021",0,0
"BC","17-01-2021",0,0
"BC","18-01-2021",0,0
"BC","19-01-2021",0,0
"BC","20-01-2021",0,0
"BC","21-01-2021",1663,1663
"BC","22-01-2021",539,2202
"BC","23-01-2021",0,2202
"BC","24-01-2021",0,2202
"BC","25-01-2021",991,3193
"BC","26-01-2021",912,4105
"BC","27-01-2021",55,4160
"BC","28-01-2021",25,4185
"BC","29-01-2021",77,4262
"BC","30-01-2021",0,4262
"BC","31-01-2021",0,4262
"BC","01-02-2021",229,4491
"BC","02-02-2021",606,5097
"BC","03-02-2021",1320,6417
"BC","04-02-2021",1680,8097
"BC","05-02-2021",2269,10366
"BC","06-02-2021",0,10366
"BC","07-02-2021",0,10366
"BC","08-02-2021",1745,12111
"BC","09-02-2021",691,12802
"BC","10-02-2021",1514,14316
"BC","11-02-2021",1368,15684
"BC","12-02-2021",1878,17562
"BC","13-02-2021",0,17562
"BC","14-02-2021",0,17562
"BC","15-02-2021",0,17562
"BC","16-02-2021",5352,22914
"BC","17-02-2021",3116,26030
"BC","18-02-2021",3922,29952
"BC","19-02-2021",6971,36923
"BC","20-02-2021",0,36923
"BC","21-02-2021",0,36923
"BC","22-02-2021",18134,55057
"BC","23-02-2021",3839,58896
"BC","24-02-2021",3712,62608
"BC","25-02-2021",5549,68157
"BC","26-02-2021",5651,73808
"BC","27-02-2021",0,73808
"BC","28-02-2021",0,73808
"BC","01-03-2021",9969,83777
"BC","02-03-2021",2760,86537
"BC","03-03-2021",79,86616
"BC","04-03-2021",130,86746
"BC","05-03-2021",119,86865
"BC","06-03-2021",0,86865
"BC","07-03-2021",0,86865
"BC","08-03-2021",60,86925
"BC","09-03-2021",13,86938
"BC","10-03-2021",22,86960
"BC","11-03-2021",49,87009
"BC","12-03-2021",15,87024
"BC","13-03-2021",0,87024
"BC","14-03-2021",0,87024
"BC","15-03-2021",35,87059
"BC","16-03-2021",11,87070
"BC","17-03-2021",23,87093
"BC","18-03-2021",27,87120
"BC","19-03-2021",19,87139
"BC","20-03-2021",0,87139
"BC","21-03-2021",0,87139
"BC","22-03-2021",22,87161
"BC","23-03-2021",7,87168
"BC","24-03-2021",12,87180
"BC","25-03-2021",32,87212
"BC","26-03-2021",21,87233
"BC","27-03-2021",0,87233
"BC","28-03-2021",0,87233
"BC","29-03-2021",56,87289
"BC","30-03-2021",30,87319
"BC","31-03-2021",32,87351
"BC","01-04-2021",43,87394
"BC","02-04-2021",0,87394
"BC","03-04-2021",0,87394
"BC","04-04-2021",0,87394
"BC","05-04-2021",78,87472
"BC","06-04-2021",2,87474
"BC","07-04-2021",30,87504
"BC","08-04-2021",60,87564
"BC","09-04-2021",42,87606
"BC","10-04-2021",0,87606
"BC","11-04-2021",0,87606
"BC","12-04-2021",138,87744
"BC","13-04-2021",41,87785
"BC","14-04-2021",35,87820
"BC","15-04-2021",79,87899
"BC","16-04-2021",71,87970
"BC","17-04-2021",0,87970
"BC","18-04-2021",0,87970
"BC","19-04-2021",181,88151
"BC","20-04-2021",112,88263
"BC","21-04-2021",72,88335
"BC","22-04-2021",140,88475
"BC","23-04-2021",188,88663
"BC","24-04-2021",0,88663
"BC","25-04-2021",0,88663
"BC","26-04-2021",372,89035
"BC","27-04-2021",422,89457
"BC","28-04-2021",268,89725
"BC","29-04-2021",571,90296
"BC","30-04-2021",346,90642
"BC","01-05-2021",0,90642
"BC","02-05-2021",0,90642
"BC","03-05-2021",1089,91731
"BC","04-05-2021",513,92244
"BC","05-05-2021",1412,93656
"BC","06-05-2021",2212,95868
"BC","07-05-2021",3593,99461
"BC","08-05-2021",0,99461
"BC","09-05-2021",0,99461
"BC","10-05-2021",6597,106058
"BC","11-05-2021",4458,110516
"BC","12-05-2021",4779,115295
"BC","13-05-2021",0,115295
"BC","14-05-2021",9585,124880
"BC","15-05-2021",0,124880
"BC","16-05-2021",0,124880
"BC","17-05-2021",5193,130073
"BC","18-05-2021",1764,131837
"BC","19-05-2021",3409,135246
"BC","20-05-2021",3662,138908
"BC","21-05-2021",3498,142406
"BC","22-05-2021",0,142406
"BC","23-05-2021",0,142406
"BC","24-05-2021",0,142406
"BC","25-05-2021",6174,148580
"BC","26-05-2021",3430,152010
"BC","27-05-2021",3720,155730
"BC","28-05-2021",5155,160885
"BC","29-05-2021",0,160885
"BC","30-05-2021",0,160885
"BC","31-05-2021",19069,179954
"BC","01-06-2021",11268,191222
"BC","02-06-2021",16923,208145
"BC","03-06-2021",21440,229585
"BC","04-06-2021",27140,256725
"BC","05-06-2021",0,256725
"BC","06-06-2021",0,256725
"BC","07-06-2021",57521,314246
"BC","08-06-2021",31262,345508
"BC","09-06-2021",44756,390264
"BC","10-06-2021",53298,443562
"BC","11-06-2021",54370,497932
"BC","12-06-2021",0,497932
"BC","13-06-2021",0,497932
"BC","14-06-2021",115521,613453
"BC","15-06-2021",44038,657491
"BC","16-06-2021",53356,710847
"BC","17-06-2021",57161,768008
"BC","18-06-2021",55363,823371
"BC","19-06-2021",0,823371
"BC","20-06-2021",0,823371
"BC","21-06-2021",112030,935401
"BC","22-06-2021",65791,1001192
"BC","23-06-2021",50718,1051910
"BC","24-06-2021",70114,1122024
"BC","25-06-2021",45093,1167117
"BC","26-06-2021",0,1167117
"BC","27-06-2021",0,1167117
"BC","28-06-2021",153077,1320194
"BC","29-06-2021",48270,1368464
"BC","30-06-2021",53042,1421506
"BC","01-07-2021",0,1421506
"BC","02-07-2021",105205,1526711
"BC","03-07-2021",0,1526711
"BC","04-07-2021",0,1526711
"BC","05-07-2021",142619,1669330
"BC","06-07-2021",46145,1715475
"BC","07-07-2021",57120,1772595
"BC","08-07-2021",82944,1855539
"BC","09-07-2021",61568,1917107
"BC","10-07-2021",0,1917107
"BC","11-07-2021",0,1917107
"BC","12-07-2021",156230,2073337
"BC","13-07-2021",57993,2131330
"BC","14-07-2021",61308,2192638
"BC","15-07-2021",62521,2255159
"BC","16-07-2021",57099,2312258
"BC","17-07-2021",0,2312258
"BC","18-07-2021",0,2312258
"BC","19-07-2021",153392,2465650
"BC","20-07-2021",55512,2521162
"BC","21-07-2021",58252,2579414
"BC","22-07-2021",58493,2637907
"BC","23-07-2021",55675,2693582
"BC","24-07-2021",0,2693582
"BC","25-07-2021",0,2693582
"BC","26-07-2021",148244,2841826
"BC","27-07-2021",47561,2889387
"BC","28-07-2021",43420,2932807
"BC","29-07-2021",40687,2973494
"BC","30-07-2021",36596,3010090
"BC","31-07-2021",0,3010090
"BC","01-08-2021",0,3010090
"BC","02-08-2021",0,3010090
"BC","03-08-2021",113006,3123096
"BC","04-08-2021",25377,3148473
"BC","05-08-2021",25624,3174097
"BC","06-08-2021",22861,3196958
"BC","07-08-2021",0,3196958
"BC","08-08-2021",0,3196958
"BC","09-08-2021",62840,3259798
"BC","10-08-2021",16188,3275986
"BC","11-08-2021",22504,3298490
"BC","12-08-2021",22154,3320644
"BC","13-08-2021",18605,3339249
"BC","14-08-2021",0,3339249
"BC","15-08-2021",0,3339249
"BC","16-08-2021",55725,3394974
"BC","17-08-2021",13507,3408481
"BC","18-08-2021",13296,3421777
"BC","19-08-2021",11283,3433060
"BC","20-08-2021",11065,3444125
"BC","21-08-2021",0,3444125
"BC","22-08-2021",0,3444125
"BC","23-08-2021",31073,3475198
"BC","24-08-2021",9659,3484857
"BC","25-08-2021",10247,3495104
"BC","26-08-2021",11283,3506387
"BC","27-08-2021",10090,3516477
"BC","28-08-2021",0,3516477
"BC","29-08-2021",0,3516477
"BC","30-08-2021",27256,3543733
"BC","31-08-2021",6022,3549755
"BC","01-09-2021",9209,3558964
"BC","02-09-2021",8190,3567154
"BC","03-09-2021",7696,3574850
"BC","04-09-2021",0,3574850
"BC","05-09-2021",0,3574850
"BC","06-09-2021",0,3574850
"BC","07-09-2021",22107,3596957
"BC","08-09-2021",6244,3603201
"BC","09-09-2021",6906,3610107
"BC","10-09-2021",6446,3616553
"BC","11-09-2021",0,3616553
"BC","12-09-2021",0,3616553
"BC","13-09-2021",18061,3634614
"BC","14-09-2021",5866,3640480
"BC","15-09-2021",6326,3646806
"BC","16-09-2021",7335,3654141
"BC","17-09-2021",7470,3661611
"BC","18-09-2021",0,3661611
"BC","19-09-2021",0,3661611
"BC","20-09-2021",19713,3681324
"BC","21-09-2021",6628,3687952
"BC","22-09-2021",7138,3695090
"BC","23-09-2021",8786,3703876
"BC","24-09-2021",7871,3711747
"BC","25-09-2021",0,3711747
"BC","26-09-2021",0,3711747
"BC","27-09-2021",20072,3731819
"BC","28-09-2021",0,3731819
"BC","29-09-2021",15914,3747733
"BC","30-09-2021",0,3747733
"BC","01-10-2021",15598,3763331
"BC","02-10-2021",0,3763331
"BC","03-10-2021",0,3763331
"BC","04-10-2021",20946,3784277
"BC","05-10-2021",7185,3791462
"BC","06-10-2021",8336,3799798
"BC","07-10-2021",7022,3806820
"BC","08-10-2021",6571,3813391
"BC","09-10-2021",0,3813391
"BC","10-10-2021",0,3813391
"BC","11-10-2021",0,3813391
"BC","12-10-2021",19014,3832405
"BC","13-10-2021",5443,3837848
"BC","14-10-2021",6738,3844586
"BC","15-10-2021",6456,3851042
"BC","16-10-2021",0,3851042
"BC","17-10-2021",0,3851042
"BC","18-10-2021",16414,3867456
"BC","19-10-2021",5622,3873078
"BC","20-10-2021",5845,3878923
"BC","21-10-2021",7042,3885965
"BC","22-10-2021",7481,3893446
"BC","23-10-2021",0,3893446
"BC","24-10-2021",0,3893446
"BC","25-10-2021",19483,3912929
"BC","26-10-2021",7891,3920820
"BC","27-10-2021",7577,3928397
"BC","28-10-2021",7548,3935945
"BC","29-10-2021",7003,3942948
"BC","30-10-2021",0,3942948
"BC","31-10-2021",0,3942948
"BC","01-11-2021",13526,3956474
"BC","02-11-2021",4330,3960804
"BC","03-11-2021",4646,3965450
"BC","04-11-2021",5439,3970889
"BC","05-11-2021",5244,3976133
"BC","06-11-2021",0,3976133
"BC","07-11-2021",0,3976133
"BC","08-11-2021",12808,3988941
"BC","09-11-2021",3738,3992679
"BC","10-11-2021",13431,4006110
"BC","11-11-2021",0,4006110
"BC","12-11-2021",7066,4013176
"BC","13-11-2021",0,4013176
"BC","14-11-2021",0,4013176
"BC","15-11-2021",10736,4023912
"BC","16-11-2021",2487,4026399
"BC","17-11-2021",3201,4029600
"BC","18-11-2021",3717,4033317
"BC","19-11-2021",4108,4037425
"BC","20-11-2021",0,4037425
"BC","21-11-2021",0,4037425
"BC","22-11-2021",8491,4045916
"BC","23-11-2021",-8330,4037586
"BC","24-11-2021",2697,4040283
"BC","25-11-2021",3392,4043675
"BC","26-11-2021",3292,4046967
"BC","27-11-2021",0,4046967
"BC","28-11-2021",0,4046967
"BC","29-11-2021",7229,4054196
"BC","30-11-2021",2032,4056228
"BC","01-12-2021",2716,4058944
"BC","02-12-2021",3139,4062083
"BC","03-12-2021",2888,4064971
"BC","04-12-2021",0,4064971
"BC","05-12-2021",0,4064971
"BC","06-12-2021",6144,4071115
"Manitoba","12-01-2021",0,0
"Manitoba","13-01-2021",1660,1660
"Manitoba","14-01-2021",0,1660
"Manitoba","15-01-2021",478,2138
"Manitoba","16-01-2021",0,2138
"Manitoba","17-01-2021",0,2138
"Manitoba","18-01-2021",6,2144
"Manitoba","19-01-2021",0,2144
"Manitoba","20-01-2021",450,2594
"Manitoba","21-01-2021",444,3038
"Manitoba","22-01-2021",352,3390
"Manitoba","23-01-2021",4,3394
"Manitoba","24-01-2021",2,3396
"Manitoba","25-01-2021",6,3402
"Manitoba","26-01-2021",840,4242
"Manitoba","27-01-2021",845,5087
"Manitoba","28-01-2021",847,5934
"Manitoba","29-01-2021",855,6789
"Manitoba","30-01-2021",856,7645
"Manitoba","31-01-2021",857,8502
"Manitoba","01-02-2021",854,9356
"Manitoba","02-02-2021",659,10015
"Manitoba","03-02-2021",451,10466
"Manitoba","04-02-2021",464,10930
"Manitoba","05-02-2021",881,11811
"Manitoba","06-02-2021",913,12724
"Manitoba","07-02-2021",918,13642
"Manitoba","08-02-2021",891,14533
"Manitoba","09-02-2021",1013,15546
"Manitoba","10-02-2021",1078,16624
"Manitoba","11-02-2021",586,17210
"Manitoba","12-02-2021",1044,18254
"Manitoba","13-02-2021",932,19186
"Manitoba","14-02-2021",1220,20406
"Manitoba","15-02-2021",0,20406
"Manitoba","16-02-2021",879,21285
"Manitoba","17-02-2021",413,21698
"Manitoba","18-02-2021",918,22616
"Manitoba","19-02-2021",1131,23747
"Manitoba","20-02-2021",704,24451
"Manitoba","21-02-2021",728,25179
"Manitoba","22-02-2021",56,25235
"Manitoba","23-02-2021",464,25699
"Manitoba","24-02-2021",889,26588
"Manitoba","25-02-2021",982,27570
"Manitoba","26-02-2021",987,28557
"Manitoba","27-02-2021",290,28847
"Manitoba","28-02-2021",32,28879
"Manitoba","01-03-2021",11,28890
"Manitoba","02-03-2021",273,29163
"Manitoba","03-03-2021",113,29276
"Manitoba","04-03-2021",307,29583
"Manitoba","05-03-2021",264,29847
"Manitoba","06-03-2021",285,30132
"Manitoba","07-03-2021",202,30334
"Manitoba","08-03-2021",0,30334
"Manitoba","09-03-2021",261,30595
"Manitoba","10-03-2021",197,30792
"Manitoba","11-03-2021",311,31103
"Manitoba","12-03-2021",361,31464
"Manitoba","13-03-2021",322,31786
"Manitoba","14-03-2021",1047,32833
"Manitoba","15-03-2021",1089,33922
"Manitoba","16-03-2021",1305,35227
"Manitoba","17-03-2021",1436,36663
"Manitoba","18-03-2021",1511,38174
"Manitoba","19-03-2021",1329,39503
"Manitoba","20-03-2021",1666,41169
"Manitoba","21-03-2021",1999,43168
"Manitoba","22-03-2021",1474,44642
"Manitoba","23-03-2021",1086,45728
"Manitoba","24-03-2021",1710,47438
"Manitoba","25-03-2021",1712,49150
"Manitoba","26-03-2021",2118,51268
"Manitoba","27-03-2021",1425,52693
"Manitoba","28-03-2021",1408,54101
"Manitoba","29-03-2021",842,54943
"Manitoba","30-03-2021",948,55891
"Manitoba","31-03-2021",571,56462
"Manitoba","01-04-2021",1760,58222
"Manitoba","02-04-2021",0,58222
"Manitoba","03-04-2021",2297,60519
"Manitoba","04-04-2021",0,60519
"Manitoba","05-04-2021",1009,61528
"Manitoba","06-04-2021",1128,62656
"Manitoba","07-04-2021",1346,64002
"Manitoba","08-04-2021",2010,66012
"Manitoba","09-04-2021",1704,67716
"Manitoba","10-04-2021",380,68096
"Manitoba","11-04-2021",162,68258
"Manitoba","12-04-2021",110,68368
"Manitoba","13-04-2021",134,68502
"Manitoba","14-04-2021",216,68718
"Manitoba","15-04-2021",382,69100
"Manitoba","16-04-2021",207,69307
"Manitoba","17-04-2021",359,69666
"Manitoba","18-04-2021",127,69793
"Manitoba","19-04-2021",29,69822
"Manitoba","20-04-2021",175,69997
"Manitoba","21-04-2021",397,70394
"Manitoba","22-04-2021",407,70801
"Manitoba","23-04-2021",358,71159
"Manitoba","24-04-2021",253,71412
"Manitoba","25-04-2021",140,71552
"Manitoba","26-04-2021",76,71628
"Manitoba","27-04-2021",298,71926
"Manitoba","28-04-2021",285,72211
"Manitoba","29-04-2021",291,72502
"Manitoba","30-04-2021",365,72867
"Manitoba","01-05-2021",280,73147
"Manitoba","02-05-2021",275,73422
"Manitoba","03-05-2021",23,73445
"Manitoba","04-05-2021",195,73640
"Manitoba","05-05-2021",416,74056
"Manitoba","06-05-2021",379,74435
"Manitoba","07-05-2021",553,74988
"Manitoba","08-05-2021",767,75755
"Manitoba","09-05-2021",111,75866
"Manitoba","10-05-2021",194,76060
"Manitoba","11-05-2021",512,76572
"Manitoba","12-05-2021",1455,78027
"Manitoba","13-05-2021",797,78824
"Manitoba","14-05-2021",1074,79898
"Manitoba","15-05-2021",873,80771
"Manitoba","16-05-2021",380,81151
"Manitoba","17-05-2021",82,81233
"Manitoba","18-05-2021",602,81835
"Manitoba","19-05-2021",1088,82923
"Manitoba","20-05-2021",1218,84141
"Manitoba","21-05-2021",1155,85296
"Manitoba","22-05-2021",1336,86632
"Manitoba","23-05-2021",461,87093
"Manitoba","24-05-2021",341,87434
"Manitoba","25-05-2021",308,87742
"Manitoba","26-05-2021",0,87742
"Manitoba","27-05-2021",5164,92906
"Manitoba","28-05-2021",4274,97180
"Manitoba","29-05-2021",6535,103715
"Manitoba","30-05-2021",2963,106678
"Manitoba","31-05-2021",1628,108306
"Manitoba","01-06-2021",3798,112104
"Manitoba","02-06-2021",4953,117057
"Manitoba","03-06-2021",7052,124109
"Manitoba","04-06-2021",8460,132569
"Manitoba","05-06-2021",6608,139177
"Manitoba","06-06-2021",5342,144519
"Manitoba","07-06-2021",1864,146383
"Manitoba","08-06-2021",5178,151561
"Manitoba","09-06-2021",8667,160228
"Manitoba","10-06-2021",8397,168625
"Manitoba","11-06-2021",9917,178542
"Manitoba","12-06-2021",11997,190539
"Manitoba","13-06-2021",9749,200288
"Manitoba","14-06-2021",7122,207410
"Manitoba","15-06-2021",11249,218659
"Manitoba","16-06-2021",12805,231464
"Manitoba","17-06-2021",14623,246087
"Manitoba","18-06-2021",14975,261062
"Manitoba","19-06-2021",12652,273714
"Manitoba","20-06-2021",10705,284419
"Manitoba","21-06-2021",16587,301006
"Manitoba","22-06-2021",17950,318956
"Manitoba","23-06-2021",22055,341011
"Manitoba","24-06-2021",24646,365657
"Manitoba","25-06-2021",24647,390304
"Manitoba","26-06-2021",24739,415043
"Manitoba","27-06-2021",19479,434522
"Manitoba","28-06-2021",16301,450823
"Manitoba","29-06-2021",22076,472899
"Manitoba","30-06-2021",30226,503125
"Manitoba","01-07-2021",0,503125
"Manitoba","02-07-2021",43011,546136
"Manitoba","03-07-2021",19485,565621
"Manitoba","04-07-2021",16005,581626
"Manitoba","05-07-2021",14699,596325
"Manitoba","06-07-2021",15805,612130
"Manitoba","07-07-2021",15795,627925
"Manitoba","08-07-2021",14459,642384
"Manitoba","09-07-2021",13536,655920
"Manitoba","10-07-2021",11298,667218
"Manitoba","11-07-2021",8769,675987
"Manitoba","12-07-2021",4589,680576
"Manitoba","13-07-2021",6757,687333
"Manitoba","14-07-2021",8616,695949
"Manitoba","15-07-2021",9551,705500
"Manitoba","16-07-2021",12559,718059
"Manitoba","17-07-2021",8600,726659
"Manitoba","18-07-2021",6956,733615
"Manitoba","19-07-2021",4068,737683
"Manitoba","20-07-2021",6921,744604
"Manitoba","21-07-2021",6245,750849
"Manitoba","22-07-2021",8333,759182
"Manitoba","23-07-2021",6460,765642
"Manitoba","24-07-2021",10057,775699
"Manitoba","25-07-2021",9488,785187
"Manitoba","26-07-2021",5957,791144
"Manitoba","27-07-2021",7776,798920
"Manitoba","28-07-2021",8795,807715
"Manitoba","29-07-2021",9339,817054
"Manitoba","30-07-2021",7958,825012
"Manitoba","31-07-2021",0,825012
"Manitoba","01-08-2021",0,825012
"Manitoba","02-08-2021",0,825012
"Manitoba","03-08-2021",26263,851275
"Manitoba","04-08-2021",1700,852975
"Manitoba","05-08-2021",3878,856853
"Manitoba","06-08-2021",5737,862590
"Manitoba","07-08-2021",0,862590
"Manitoba","08-08-2021",0,862590
"Manitoba","09-08-2021",6592,869182
"Manitoba","10-08-2021",2458,871640
"Manitoba","11-08-2021",2103,873743
"Manitoba","12-08-2021",2679,876422
"Manitoba","13-08-2021",4323,880745
"Manitoba","14-08-2021",0,880745
"Manitoba","15-08-2021",0,880745
"Manitoba","16-08-2021",5953,886698
"Manitoba","17-08-2021",1523,888221
"Manitoba","18-08-2021",1882,890103
"Manitoba","19-08-2021",2390,892493
"Manitoba","20-08-2021",2649,895142
"Manitoba","21-08-2021",0,895142
"Manitoba","22-08-2021",0,895142
"Manitoba","23-08-2021",5657,900799
"Manitoba","24-08-2021",1928,902727
"Manitoba","25-08-2021",1785,904512
"Manitoba","26-08-2021",2424,906936
"Manitoba","27-08-2021",2552,909488
"Manitoba","28-08-2021",0,909488
"Manitoba","29-08-2021",0,909488
"Manitoba","30-08-2021",5869,915357
"Manitoba","31-08-2021",2045,917402
"Manitoba","01-09-2021",1675,919077
"Manitoba","02-09-2021",1978,921055
"Manitoba","03-09-2021",2593,923648
"Manitoba","04-09-2021",0,923648
"Manitoba","05-09-2021",0,923648
"Manitoba","06-09-2021",0,923648
"Manitoba","07-09-2021",6319,929967
"Manitoba","08-09-2021",1233,931200
"Manitoba","09-09-2021",1902,933102
"Manitoba","10-09-2021",2157,935259
"Manitoba","11-09-2021",0,935259
"Manitoba","12-09-2021",0,935259
"Manitoba","13-09-2021",4642,939901
"Manitoba","14-09-2021",1287,941188
"Manitoba","15-09-2021",1684,942872
"Manitoba","16-09-2021",1541,944413
"Manitoba","17-09-2021",1813,946226
"Manitoba","18-09-2021",0,946226
"Manitoba","19-09-2021",0,946226
"Manitoba","20-09-2021",3653,949879
"Manitoba","21-09-2021",982,950861
"Manitoba","22-09-2021",1281,952142
"Manitoba","23-09-2021",1649,953791
"Manitoba","24-09-2021",1677,955468
"Manitoba","25-09-2021",0,955468
"Manitoba","26-09-2021",0,955468
"Manitoba","27-09-2021",3991,959459
"Manitoba","28-09-2021",1022,960481
"Manitoba","29-09-2021",1712,962193
"Manitoba","30-09-2021",0,962193
"Manitoba","01-10-2021",3862,966055
"Manitoba","02-10-2021",0,966055
"Manitoba","03-10-2021",0,966055
"Manitoba","04-10-2021",4308,970363
"Manitoba","05-10-2021",1086,971449
"Manitoba","06-10-2021",1585,973034
"Manitoba","07-10-2021",2015,975049
"Manitoba","08-10-2021",2236,977285
"Manitoba","09-10-2021",0,977285
"Manitoba","10-10-2021",0,977285
"Manitoba","11-10-2021",0,977285
"Manitoba","12-10-2021",3998,981283
"Manitoba","13-10-2021",1472,982755
"Manitoba","14-10-2021",1564,984319
"Manitoba","15-10-2021",2258,986577
"Manitoba","16-10-2021",0,986577
"Manitoba","17-10-2021",0,986577
"Manitoba","18-10-2021",3611,990188
"Manitoba","19-10-2021",903,991091
"Manitoba","20-10-2021",1171,992262
"Manitoba","21-10-2021",1216,993478
"Manitoba","22-10-2021",1432,994910
"Manitoba","23-10-2021",0,994910
"Manitoba","24-10-2021",0,994910
"Manitoba","25-10-2021",2732,997642
"Manitoba","26-10-2021",868,998510
"Manitoba","27-10-2021",895,999405
"Manitoba","28-10-2021",1122,1000527
"Manitoba","29-10-2021",1239,1001766
"Manitoba","30-10-2021",0,1001766
"Manitoba","31-10-2021",0,1001766
"Manitoba","01-11-2021",2476,1004242
"Manitoba","02-11-2021",695,1004937
"Manitoba","03-11-2021",805,1005742
"Manitoba","04-11-2021",979,1006721
"Manitoba","05-11-2021",1091,1007812
"Manitoba","06-11-2021",0,1007812
"Manitoba","07-11-2021",0,1007812
"Manitoba","08-11-2021",2211,1010023
"Manitoba","09-11-2021",699,1010722
"Manitoba","10-11-2021",722,1011444
"Manitoba","11-11-2021",0,1011444
"Manitoba","12-11-2021",1372,1012816
"Manitoba","13-11-2021",0,1012816
"Manitoba","14-11-2021",0,1012816
"Manitoba","15-11-2021",1701,1014517
"Manitoba","16-11-2021",665,1015182
"Manitoba","17-11-2021",758,1015940
"Manitoba","18-11-2021",905,1016845
"Manitoba","19-11-2021",840,1017685
"Manitoba","20-11-2021",0,1017685
"Manitoba","21-11-2021",0,1017685
"Manitoba","22-11-2021",1880,1019565
"Manitoba","23-11-2021",715,1020280
"Manitoba","24-11-2021",756,1021036
"Manitoba","25-11-2021",811,1021847
"Manitoba","26-11-2021",696,1022543
"Manitoba","27-11-2021",0,1022543
"Manitoba","28-11-2021",0,1022543
"Manitoba","29-11-2021",1388,1023931
"Manitoba","30-11-2021",483,1024414
"Manitoba","01-12-2021",715,1025129
"Manitoba","02-12-2021",715,1025844
"Manitoba","03-12-2021",658,1026502
"Manitoba","04-12-2021",0,1026502
"Manitoba","05-12-2021",0,1026502
"Manitoba","06-12-2021",1443,1027945
"New Brunswick","12-01-2021",1862,1862
"New Brunswick","13-01-2021",0,1862
"New Brunswick","14-01-2021",0,1862
"New Brunswick","15-01-2021",0,1862
"New Brunswick","16-01-2021",0,1862
"New Brunswick","17-01-2021",0,1862
"New Brunswick","18-01-2021",705,2567
"New Brunswick","19-01-2021",0,2567
"New Brunswick","20-01-2021",0,2567
"New Brunswick","21-01-2021",0,2567
"New Brunswick","22-01-2021",0,2567
"New Brunswick","23-01-2021",0,2567
"New Brunswick","24-01-2021",0,2567
"New Brunswick","25-01-2021",272,2839
"New Brunswick","26-01-2021",0,2839
"New Brunswick","27-01-2021",0,2839
"New Brunswick","28-01-2021",0,2839
"New Brunswick","29-01-2021",0,2839
"New Brunswick","30-01-2021",0,2839
"New Brunswick","31-01-2021",0,2839
"New Brunswick","01-02-2021",1621,4460
"New Brunswick","02-02-2021",0,4460
"New Brunswick","03-02-2021",0,4460
"New Brunswick","04-02-2021",0,4460
"New Brunswick","05-02-2021",0,4460
"New Brunswick","06-02-2021",0,4460
"New Brunswick","07-02-2021",0,4460
"New Brunswick","08-02-2021",887,5347
"New Brunswick","09-02-2021",0,5347
"New Brunswick","10-02-2021",0,5347
"New Brunswick","11-02-2021",0,5347
"New Brunswick","12-02-2021",0,5347
"New Brunswick","13-02-2021",0,5347
"New Brunswick","14-02-2021",0,5347
"New Brunswick","15-02-2021",0,5347
"New Brunswick","16-02-2021",2158,7505
"New Brunswick","17-02-2021",0,7505
"New Brunswick","18-02-2021",0,7505
"New Brunswick","19-02-2021",0,7505
"New Brunswick","20-02-2021",0,7505
"New Brunswick","21-02-2021",0,7505
"New Brunswick","22-02-2021",3531,11036
"New Brunswick","23-02-2021",0,11036
"New Brunswick","24-02-2021",0,11036
"New Brunswick","25-02-2021",0,11036
"New Brunswick","26-02-2021",0,11036
"New Brunswick","27-02-2021",0,11036
"New Brunswick","28-02-2021",0,11036
"New Brunswick","01-03-2021",1106,12142
"New Brunswick","02-03-2021",0,12142
"New Brunswick","03-03-2021",0,12142
"New Brunswick","04-03-2021",0,12142
"New Brunswick","05-03-2021",0,12142
"New Brunswick","06-03-2021",0,12142
"New Brunswick","07-03-2021",0,12142
"New Brunswick","08-03-2021",10,12152
"New Brunswick","09-03-2021",0,12152
"New Brunswick","10-03-2021",0,12152
"New Brunswick","11-03-2021",0,12152
"New Brunswick","12-03-2021",0,12152
"New Brunswick","13-03-2021",0,12152
"New Brunswick","14-03-2021",0,12152
"New Brunswick","15-03-2021",43,12195
"New Brunswick","16-03-2021",0,12195
"New Brunswick","17-03-2021",0,12195
"New Brunswick","18-03-2021",2,12197
"New Brunswick","19-03-2021",0,12197
"New Brunswick","20-03-2021",3,12200
"New Brunswick","21-03-2021",19,12219
"New Brunswick","22-03-2021",2,12221
"New Brunswick","23-03-2021",1,12222
"New Brunswick","24-03-2021",-17,12205
"New Brunswick","25-03-2021",2,12207
"New Brunswick","26-03-2021",4,12211
"New Brunswick","27-03-2021",5,12216
"New Brunswick","28-03-2021",4,12220
"New Brunswick","29-03-2021",3,12223
"New Brunswick","30-03-2021",3,12226
"New Brunswick","31-03-2021",-1,12225
"New Brunswick","01-04-2021",5,12230
"New Brunswick","02-04-2021",14,12244
"New Brunswick","03-04-2021",6,12250
"New Brunswick","04-04-2021",4,12254
"New Brunswick","05-04-2021",2,12256
"New Brunswick","06-04-2021",1,12257
"New Brunswick","07-04-2021",952,13209
"New Brunswick","08-04-2021",1125,14334
"New Brunswick","09-04-2021",885,15219
"New Brunswick","10-04-2021",340,15559
"New Brunswick","11-04-2021",212,15771
"New Brunswick","12-04-2021",0,15771
"New Brunswick","13-04-2021",136,15907
"New Brunswick","14-04-2021",345,16252
"New Brunswick","15-04-2021",606,16858
"New Brunswick","16-04-2021",302,17160
"New Brunswick","17-04-2021",741,17901
"New Brunswick","18-04-2021",613,18514
"New Brunswick","19-04-2021",298,18812
"New Brunswick","20-04-2021",216,19028
"New Brunswick","21-04-2021",1358,20386
"New Brunswick","22-04-2021",1622,22008
"New Brunswick","23-04-2021",1174,23182
"New Brunswick","24-04-2021",366,23548
"New Brunswick","25-04-2021",359,23907
"New Brunswick","26-04-2021",189,24096
"New Brunswick","27-04-2021",487,24583
"New Brunswick","28-04-2021",639,25222
"New Brunswick","29-04-2021",666,25888
"New Brunswick","30-04-2021",373,26261
"New Brunswick","01-05-2021",477,26738
"New Brunswick","02-05-2021",174,26912
"New Brunswick","03-05-2021",103,27015
"New Brunswick","04-05-2021",665,27680
"New Brunswick","05-05-2021",508,28188
"New Brunswick","06-05-2021",659,28847
"New Brunswick","07-05-2021",629,29476
"New Brunswick","08-05-2021",212,29688
"New Brunswick","09-05-2021",0,29688
"New Brunswick","10-05-2021",190,29878
"New Brunswick","11-05-2021",216,30094
"New Brunswick","12-05-2021",795,30889
"New Brunswick","13-05-2021",412,31301
"New Brunswick","14-05-2021",829,32130
"New Brunswick","15-05-2021",594,32724
"New Brunswick","16-05-2021",114,32838
"New Brunswick","17-05-2021",19,32857
"New Brunswick","18-05-2021",385,33242
"New Brunswick","19-05-2021",682,33924
"New Brunswick","20-05-2021",829,34753
"New Brunswick","21-05-2021",570,35323
"New Brunswick","22-05-2021",379,35702
"New Brunswick","23-05-2021",255,35957
"New Brunswick","24-05-2021",56,36013
"New Brunswick","25-05-2021",33,36046
"New Brunswick","26-05-2021",251,36297
"New Brunswick","27-05-2021",808,37105
"New Brunswick","28-05-2021",894,37999
"New Brunswick","29-05-2021",816,38815
"New Brunswick","30-05-2021",818,39633
"New Brunswick","31-05-2021",539,40172
"New Brunswick","01-06-2021",740,40912
"New Brunswick","02-06-2021",1138,42050
"New Brunswick","03-06-2021",1112,43162
"New Brunswick","04-06-2021",1275,44437
"New Brunswick","05-06-2021",1209,45646
"New Brunswick","06-06-2021",547,46193
"New Brunswick","07-06-2021",1199,47392
"New Brunswick","08-06-2021",971,48363
"New Brunswick","09-06-2021",2233,50596
"New Brunswick","10-06-2021",5488,56084
"New Brunswick","11-06-2021",7930,64014
"New Brunswick","12-06-2021",5672,69686
"New Brunswick","13-06-2021",5559,75245
"New Brunswick","14-06-2021",2473,77718
"New Brunswick","15-06-2021",4263,81981
"New Brunswick","16-06-2021",7141,89122
"New Brunswick","17-06-2021",9021,98143
"New Brunswick","18-06-2021",11812,109955
"New Brunswick","19-06-2021",11822,121777
"New Brunswick","20-06-2021",8194,129971
"New Brunswick","21-06-2021",2856,132827
"New Brunswick","22-06-2021",6293,139120
"New Brunswick","23-06-2021",10284,149404
"New Brunswick","24-06-2021",12457,161861
"New Brunswick","25-06-2021",13208,175069
"New Brunswick","26-06-2021",14858,189927
"New Brunswick","27-06-2021",13463,203390
"New Brunswick","28-06-2021",5783,209173
"New Brunswick","29-06-2021",10897,220070
"New Brunswick","30-06-2021",12947,233017
"New Brunswick","01-07-2021",17299,250316
"New Brunswick","02-07-2021",8186,258502
"New Brunswick","03-07-2021",8338,266840
"New Brunswick","04-07-2021",7763,274603
"New Brunswick","05-07-2021",5085,279688
"New Brunswick","06-07-2021",8977,288665
"New Brunswick","07-07-2021",13259,301924
"New Brunswick","08-07-2021",13070,314994
"New Brunswick","09-07-2021",14149,329143
"New Brunswick","10-07-2021",11440,340583
"New Brunswick","11-07-2021",8977,349560
"New Brunswick","12-07-2021",4049,353609
"New Brunswick","13-07-2021",6936,360545
"New Brunswick","14-07-2021",10468,371013
"New Brunswick","15-07-2021",10690,381703
"New Brunswick","16-07-2021",12759,394462
"New Brunswick","17-07-2021",6947,401409
"New Brunswick","18-07-2021",1233,402642
"New Brunswick","19-07-2021",371,403013
"New Brunswick","20-07-2021",11219,414232
"New Brunswick","21-07-2021",6464,420696
"New Brunswick","22-07-2021",7176,427872
"New Brunswick","23-07-2021",7006,434878
"New Brunswick","24-07-2021",6145,441023
"New Brunswick","25-07-2021",4668,445691
"New Brunswick","26-07-2021",1139,446830
"New Brunswick","27-07-2021",1954,448784
"New Brunswick","28-07-2021",4539,453323
"New Brunswick","29-07-2021",4892,458215
"New Brunswick","30-07-2021",4565,462780
"New Brunswick","31-07-2021",0,462780
"New Brunswick","01-08-2021",7737,470517
"New Brunswick","02-08-2021",0,470517
"New Brunswick","03-08-2021",1501,472018
"New Brunswick","04-08-2021",941,472959
"New Brunswick","05-08-2021",2913,475872
"New Brunswick","06-08-2021",2878,478750
"New Brunswick","07-08-2021",0,478750
"New Brunswick","08-08-2021",0,478750
"New Brunswick","09-08-2021",4952,483702
"New Brunswick","10-08-2021",1166,484868
"New Brunswick","11-08-2021",1693,486561
"New Brunswick","12-08-2021",2382,488943
"New Brunswick","13-08-2021",2656,491599
"New Brunswick","14-08-2021",0,491599
"New Brunswick","15-08-2021",0,491599
"New Brunswick","16-08-2021",3739,495338
"New Brunswick","17-08-2021",417,495755
"New Brunswick","18-08-2021",2462,498217
"New Brunswick","19-08-2021",1321,499538
"New Brunswick","20-08-2021",2060,501598
"New Brunswick","21-08-2021",0,501598
"New Brunswick","22-08-2021",0,501598
"New Brunswick","23-08-2021",2838,504436
"New Brunswick","24-08-2021",9649,514085
"New Brunswick","25-08-2021",1674,515759
"New Brunswick","26-08-2021",1102,516861
"New Brunswick","27-08-2021",1640,518501
"New Brunswick","28-08-2021",0,518501
"New Brunswick","29-08-2021",0,518501
"New Brunswick","30-08-2021",3776,522277
"New Brunswick","31-08-2021",1473,523750
"New Brunswick","01-09-2021",1853,525603
"New Brunswick","02-09-2021",915,526518
"New Brunswick","03-09-2021",1545,528063
"New Brunswick","04-09-2021",0,528063
"New Brunswick","05-09-2021",0,528063
"New Brunswick","06-09-2021",0,528063
"New Brunswick","07-09-2021",2451,530514
"New Brunswick","08-09-2021",572,531086
"New Brunswick","09-09-2021",619,531705
"New Brunswick","10-09-2021",1286,532991
"New Brunswick","11-09-2021",0,532991
"New Brunswick","12-09-2021",0,532991
"New Brunswick","13-09-2021",2584,535575
"New Brunswick","14-09-2021",401,535976
"New Brunswick","15-09-2021",1186,537162
"New Brunswick","16-09-2021",510,537672
"New Brunswick","17-09-2021",1812,539484
"New Brunswick","18-09-2021",0,539484
"New Brunswick","19-09-2021",0,539484
"New Brunswick","20-09-2021",2468,541952
"New Brunswick","21-09-2021",671,542623
"New Brunswick","22-09-2021",1023,543646
"New Brunswick","23-09-2021",2204,545850
"New Brunswick","24-09-2021",1636,547486
"New Brunswick","25-09-2021",1812,549298
"New Brunswick","26-09-2021",2257,551555
"New Brunswick","27-09-2021",520,552075
"New Brunswick","28-09-2021",1684,553759
"New Brunswick","29-09-2021",1877,555636
"New Brunswick","30-09-2021",1379,557015
"New Brunswick","01-10-2021",1476,558491
"New Brunswick","02-10-2021",1226,559717
"New Brunswick","03-10-2021",810,560527
"New Brunswick","04-10-2021",464,560991
"New Brunswick","05-10-2021",1109,562100
"New Brunswick","06-10-2021",1084,563184
"New Brunswick","07-10-2021",1156,564340
"New Brunswick","08-10-2021",684,565024
"New Brunswick","09-10-2021",1127,566151
"New Brunswick","10-10-2021",751,566902
"New Brunswick","11-10-2021",453,567355
"New Brunswick","12-10-2021",499,567854
"New Brunswick","13-10-2021",568,568422
"New Brunswick","14-10-2021",972,569394
"New Brunswick","15-10-2021",2172,571566
"New Brunswick","16-10-2021",1469,573035
"New Brunswick","17-10-2021",734,573769
"New Brunswick","18-10-2021",420,574189
"New Brunswick","19-10-2021",1240,575429
"New Brunswick","20-10-2021",1486,576915
"New Brunswick","21-10-2021",1611,578526
"New Brunswick","22-10-2021",1768,580294
"New Brunswick","23-10-2021",1597,581891
"New Brunswick","24-10-2021",1001,582892
"New Brunswick","25-10-2021",1218,584110
"New Brunswick","26-10-2021",786,584896
"New Brunswick","27-10-2021",1740,586636
"New Brunswick","28-10-2021",1506,588142
"New Brunswick","29-10-2021",1602,589744
"New Brunswick","30-10-2021",847,590591
"New Brunswick","31-10-2021",1118,591709
"New Brunswick","01-11-2021",512,592221
"New Brunswick","02-11-2021",900,593121
"New Brunswick","03-11-2021",716,593837
"New Brunswick","04-11-2021",762,594599
"New Brunswick","05-11-2021",1425,596024
"New Brunswick","06-11-2021",962,596986
"New Brunswick","07-11-2021",1008,597994
"New Brunswick","08-11-2021",430,598424
"New Brunswick","09-11-2021",752,599176
"New Brunswick","10-11-2021",717,599893
"New Brunswick","11-11-2021",1116,601009
"New Brunswick","12-11-2021",10,601019
"New Brunswick","13-11-2021",1072,602091
"New Brunswick","14-11-2021",1036,603127
"New Brunswick","15-11-2021",280,603407
"New Brunswick","16-11-2021",902,604309
"New Brunswick","17-11-2021",1393,605702
"New Brunswick","18-11-2021",548,606250
"New Brunswick","19-11-2021",1201,607451
"New Brunswick","20-11-2021",508,607959
"New Brunswick","21-11-2021",743,608702
"New Brunswick","22-11-2021",316,609018
"New Brunswick","23-11-2021",269,609287
"New Brunswick","24-11-2021",585,609872
"New Brunswick","25-11-2021",918,610790
"New Brunswick","26-11-2021",548,611338
"New Brunswick","27-11-2021",1005,612343
"New Brunswick","28-11-2021",397,612740
"New Brunswick","29-11-2021",183,612923
"New Brunswick","30-11-2021",267,613190
"New Brunswick","01-12-2021",474,613664
"New Brunswick","02-12-2021",674,614338
"New Brunswick","03-12-2021",492,614830
"New Brunswick","04-12-2021",282,615112
"New Brunswick","05-12-2021",148,615260
"New Brunswick","06-12-2021",445,615705
"NL","12-01-2021",0,0
"NL","13-01-2021",1495,1495
"NL","14-01-2021",0,1495
"NL","15-01-2021",0,1495
"NL","16-01-2021",0,1495
"NL","17-01-2021",0,1495
"NL","18-01-2021",0,1495
"NL","19-01-2021",0,1495
"NL","20-01-2021",242,1737
"NL","21-01-2021",0,1737
"NL","22-01-2021",0,1737
"NL","23-01-2021",0,1737
"NL","24-01-2021",0,1737
"NL","25-01-2021",0,1737
"NL","26-01-2021",0,1737
"NL","27-01-2021",0,1737
"NL","28-01-2021",0,1737
"NL","29-01-2021",0,1737
"NL","30-01-2021",0,1737
"NL","31-01-2021",0,1737
"NL","01-02-2021",0,1737
"NL","02-02-2021",0,1737
"NL","03-02-2021",1587,3324
"NL","04-02-2021",0,3324
"NL","05-02-2021",0,3324
"NL","06-02-2021",0,3324
"NL","07-02-2021",0,3324
"NL","08-02-2021",0,3324
"NL","09-02-2021",0,3324
"NL","10-02-2021",1243,4567
"NL","11-02-2021",298,4865
"NL","12-02-2021",0,4865
"NL","13-02-2021",0,4865
"NL","14-02-2021",0,4865
"NL","15-02-2021",0,4865
"NL","16-02-2021",0,4865
"NL","17-02-2021",1247,6112
"NL","18-02-2021",0,6112
"NL","19-02-2021",0,6112
"NL","20-02-2021",0,6112
"NL","21-02-2021",0,6112
"NL","22-02-2021",0,6112
"NL","23-02-2021",0,6112
"NL","24-02-2021",1354,7466
"NL","25-02-2021",0,7466
"NL","26-02-2021",0,7466
"NL","27-02-2021",0,7466
"NL","28-02-2021",0,7466
"NL","01-03-2021",0,7466
"NL","02-03-2021",0,7466
"NL","03-03-2021",961,8427
"NL","04-03-2021",0,8427
"NL","05-03-2021",0,8427
"NL","06-03-2021",0,8427
"NL","07-03-2021",0,8427
"NL","08-03-2021",0,8427
"NL","09-03-2021",0,8427
"NL","10-03-2021",743,9170
"NL","11-03-2021",0,9170
"NL","12-03-2021",0,9170
"NL","13-03-2021",0,9170
"NL","14-03-2021",0,9170
"NL","15-03-2021",0,9170
"NL","16-03-2021",0,9170
"NL","17-03-2021",0,9170
"NL","18-03-2021",306,9476
"NL","19-03-2021",0,9476
"NL","20-03-2021",0,9476
"NL","21-03-2021",0,9476
"NL","22-03-2021",0,9476
"NL","23-03-2021",0,9476
"NL","24-03-2021",0,9476
"NL","25-03-2021",0,9476
"NL","26-03-2021",0,9476
"NL","27-03-2021",0,9476
"NL","28-03-2021",0,9476
"NL","29-03-2021",0,9476
"NL","30-03-2021",0,9476
"NL","31-03-2021",0,9476
"NL","01-04-2021",0,9476
"NL","02-04-2021",0,9476
"NL","03-04-2021",0,9476
"NL","04-04-2021",0,9476
"NL","05-04-2021",0,9476
"NL","06-04-2021",0,9476
"NL","07-04-2021",0,9476
"NL","08-04-2021",0,9476
"NL","09-04-2021",0,9476
"NL","10-04-2021",0,9476
"NL","11-04-2021",0,9476
"NL","12-04-2021",0,9476
"NL","13-04-2021",0,9476
"NL","14-04-2021",0,9476
"NL","15-04-2021",0,9476
"NL","16-04-2021",0,9476
"NL","17-04-2021",0,9476
"NL","18-04-2021",0,9476
"NL","19-04-2021",0,9476
"NL","20-04-2021",0,9476
"NL","21-04-2021",0,9476
"NL","22-04-2021",0,9476
"NL","23-04-2021",0,9476
"NL","24-04-2021",0,9476
"NL","25-04-2021",0,9476
"NL","26-04-2021",0,9476
"NL","27-04-2021",199,9675
"NL","28-04-2021",1,9676
"NL","29-04-2021",0,9676
"NL","30-04-2021",0,9676
"NL","01-05-2021",0,9676
"NL","02-05-2021",0,9676
"NL","03-05-2021",0,9676
"NL","04-05-2021",0,9676
"NL","05-05-2021",0,9676
"NL","06-05-2021",0,9676
"NL","07-05-2021",0,9676
"NL","08-05-2021",0,9676
"NL","09-05-2021",-3000,6676
"NL","10-05-2021",3000,9676
"NL","11-05-2021",0,9676
"NL","12-05-2021",10,9686
"NL","13-05-2021",169,9855
"NL","14-05-2021",15,9870
"NL","15-05-2021",6,9876
"NL","16-05-2021",5,9881
"NL","17-05-2021",5,9886
"NL","18-05-2021",82,9968
"NL","19-05-2021",22,9990
"NL","20-05-2021",68,10058
"NL","21-05-2021",263,10321
"NL","22-05-2021",0,10321
"NL","23-05-2021",138,10459
"NL","24-05-2021",0,10459
"NL","25-05-2021",24,10483
"NL","26-05-2021",110,10593
"NL","27-05-2021",273,10866
"NL","28-05-2021",295,11161
"NL","29-05-2021",240,11401
"NL","30-05-2021",45,11446
"NL","31-05-2021",-992,10454
"NL","01-06-2021",1283,11737
"NL","02-06-2021",765,12502
"NL","03-06-2021",688,13190
"NL","04-06-2021",640,13830
"NL","05-06-2021",574,14404
"NL","06-06-2021",2951,17355
"NL","07-06-2021",0,17355
"NL","08-06-2021",100,17455
"NL","09-06-2021",567,18022
"NL","10-06-2021",1745,19767
"NL","11-06-2021",1887,21654
"NL","12-06-2021",0,21654
"NL","13-06-2021",4216,25870
"NL","14-06-2021",1162,27032
"NL","15-06-2021",2529,29561
"NL","16-06-2021",3576,33137
"NL","17-06-2021",2389,35526
"NL","18-06-2021",5810,41336
"NL","19-06-2021",0,41336
"NL","20-06-2021",0,41336
"NL","21-06-2021",0,41336
"NL","22-06-2021",8898,50234
"NL","23-06-2021",5185,55419
"NL","24-06-2021",5898,61317
"NL","25-06-2021",6550,67867
"NL","26-06-2021",0,67867
"NL","27-06-2021",0,67867
"NL","28-06-2021",12520,80387
"NL","29-06-2021",3891,84278
"NL","30-06-2021",7372,91650
"NL","01-07-2021",0,91650
"NL","02-07-2021",8934,100584
"NL","03-07-2021",0,100584
"NL","04-07-2021",0,100584
"NL","05-07-2021",9918,110502
"NL","06-07-2021",5575,116077
"NL","07-07-2021",11384,127461
"NL","08-07-2021",7932,135393
"NL","09-07-2021",9781,145174
"NL","10-07-2021",0,145174
"NL","11-07-2021",0,145174
"NL","12-07-2021",0,145174
"NL","13-07-2021",15313,160487
"NL","14-07-2021",9895,170382
"NL","15-07-2021",10298,180680
"NL","16-07-2021",5694,186374
"NL","17-07-2021",0,186374
"NL","18-07-2021",0,186374
"NL","19-07-2021",9606,195980
"NL","20-07-2021",5947,201927
"NL","21-07-2021",8563,210490
"NL","22-07-2021",8495,218985
"NL","23-07-2021",7372,226357
"NL","24-07-2021",0,226357
"NL","25-07-2021",0,226357
"NL","26-07-2021",10405,236762
"NL","27-07-2021",5645,242407
"NL","28-07-2021",4922,247329
"NL","29-07-2021",0,247329
"NL","30-07-2021",12706,260035
"NL","31-07-2021",0,260035
"NL","01-08-2021",0,260035
"NL","02-08-2021",9798,269833
"NL","03-08-2021",4799,274632
"NL","04-08-2021",0,274632
"NL","05-08-2021",10978,285610
"NL","06-08-2021",6260,291870
"NL","07-08-2021",0,291870
"NL","08-08-2021",0,291870
"NL","09-08-2021",8355,300225
"NL","10-08-2021",0,300225
"NL","11-08-2021",9873,310098
"NL","12-08-2021",4440,314538
"NL","13-08-2021",4662,319200
"NL","14-08-2021",0,319200
"NL","15-08-2021",0,319200
"NL","16-08-2021",0,319200
"NL","17-08-2021",16213,335413
"NL","18-08-2021",4268,339681
"NL","19-08-2021",3474,343155
"NL","20-08-2021",3521,346676
"NL","21-08-2021",0,346676
"NL","22-08-2021",0,346676
"NL","23-08-2021",4090,350766
"NL","24-08-2021",1844,352610
"NL","25-08-2021",0,352610
"NL","26-08-2021",5047,357657
"NL","27-08-2021",2714,360371
"NL","28-08-2021",0,360371
"NL","29-08-2021",0,360371
"NL","30-08-2021",3299,363670
"NL","31-08-2021",0,363670
"NL","01-09-2021",3840,367510
"NL","02-09-2021",0,367510
"NL","03-09-2021",2755,370265
"NL","04-09-2021",0,370265
"NL","05-09-2021",0,370265
"NL","06-09-2021",0,370265
"NL","07-09-2021",1174,371439
"NL","08-09-2021",1073,372512
"NL","09-09-2021",979,373491
"NL","10-09-2021",1400,374891
"NL","11-09-2021",0,374891
"NL","12-09-2021",0,374891
"NL","13-09-2021",1035,375926
"NL","14-09-2021",0,375926
"NL","15-09-2021",748,376674
"NL","16-09-2021",3324,379998
"NL","17-09-2021",1609,381607
"NL","18-09-2021",0,381607
"NL","19-09-2021",0,381607
"NL","20-09-2021",827,382434
"NL","21-09-2021",540,382974
"NL","22-09-2021",902,383876
"NL","23-09-2021",0,383876
"NL","24-09-2021",2001,385877
"NL","25-09-2021",0,385877
"NL","26-09-2021",0,385877
"NL","27-09-2021",1157,387034
"NL","28-09-2021",599,387633
"NL","29-09-2021",1316,388949
"NL","30-09-2021",0,388949
"NL","01-10-2021",3151,392100
"NL","02-10-2021",0,392100
"NL","03-10-2021",0,392100
"NL","04-10-2021",1380,393480
"NL","05-10-2021",703,394183
"NL","06-10-2021",1289,395472
"NL","07-10-2021",1096,396568
"NL","08-10-2021",1294,397862
"NL","09-10-2021",0,397862
"NL","10-10-2021",0,397862
"NL","11-10-2021",0,397862
"NL","12-10-2021",1931,399793
"NL","13-10-2021",1065,400858
"NL","14-10-2021",1502,402360
"NL","15-10-2021",1674,404034
"NL","16-10-2021",0,404034
"NL","17-10-2021",0,404034
"NL","18-10-2021",1343,405377
"NL","19-10-2021",1186,406563
"NL","20-10-2021",0,406563
"NL","21-10-2021",3019,409582
"NL","22-10-2021",1979,411561
"NL","23-10-2021",0,411561
"NL","24-10-2021",0,411561
"NL","25-10-2021",0,411561
"NL","26-10-2021",3102,414663
"NL","27-10-2021",0,414663
"NL","28-10-2021",2136,416799
"NL","29-10-2021",1082,417881
"NL","30-10-2021",0,417881
"NL","31-10-2021",0,417881
"NL","01-11-2021",0,417881
"NL","02-11-2021",0,417881
"NL","03-11-2021",0,417881
"NL","04-11-2021",3273,421154
"NL","05-11-2021",0,421154
"NL","06-11-2021",0,421154
"NL","07-11-2021",0,421154
"NL","08-11-2021",0,421154
"NL","09-11-2021",0,421154
"NL","10-11-2021",0,421154
"NL","11-11-2021",0,421154
"NL","12-11-2021",4734,425888
"NL","13-11-2021",0,425888
"NL","14-11-2021",0,425888
"NL","15-11-2021",0,425888
"NL","16-11-2021",2730,428618
"NL","17-11-2021",0,428618
"NL","18-11-2021",0,428618
"NL","19-11-2021",3657,432275
"NL","20-11-2021",0,432275
"NL","21-11-2021",0,432275
"NL","22-11-2021",0,432275
"NL","23-11-2021",2164,434439
"NL","24-11-2021",0,434439
"NL","25-11-2021",0,434439
"NL","26-11-2021",3018,437457
"NL","27-11-2021",0,437457
"NL","28-11-2021",0,437457
"NL","29-11-2021",0,437457
"NL","30-11-2021",1590,439047
"NL","01-12-2021",0,439047
"NL","02-12-2021",0,439047
"NL","03-12-2021",0,439047
"NL","04-12-2021",0,439047
"NL","05-12-2021",0,439047
"NL","06-12-2021",1999,441046
"Nova Scotia","12-01-2021",1076,1076
"Nova Scotia","13-01-2021",0,1076
"Nova Scotia","14-01-2021",0,1076
"Nova Scotia","15-01-2021",1124,2200
"Nova Scotia","16-01-2021",0,2200
"Nova Scotia","17-01-2021",0,2200
"Nova Scotia","18-01-2021",0,2200
"Nova Scotia","19-01-2021",15,2215
"Nova Scotia","20-01-2021",292,2507
"Nova Scotia","21-01-2021",189,2696
"Nova Scotia","22-01-2021",9,2705
"Nova Scotia","23-01-2021",0,2705
"Nova Scotia","24-01-2021",0,2705
"Nova Scotia","25-01-2021",3,2708
"Nova Scotia","26-01-2021",0,2708
"Nova Scotia","27-01-2021",1,2709
"Nova Scotia","28-01-2021",0,2709
"Nova Scotia","29-01-2021",5,2714
"Nova Scotia","30-01-2021",0,2714
"Nova Scotia","31-01-2021",0,2714
"Nova Scotia","01-02-2021",15,2729
"Nova Scotia","02-02-2021",225,2954
"Nova Scotia","03-02-2021",503,3457
"Nova Scotia","04-02-2021",589,4046
"Nova Scotia","05-02-2021",635,4681
"Nova Scotia","06-02-2021",0,4681
"Nova Scotia","07-02-2021",0,4681
"Nova Scotia","08-02-2021",453,5134
"Nova Scotia","09-02-2021",508,5642
"Nova Scotia","10-02-2021",258,5900
"Nova Scotia","11-02-2021",372,6272
"Nova Scotia","12-02-2021",1226,7498
"Nova Scotia","13-02-2021",0,7498
"Nova Scotia","14-02-2021",0,7498
"Nova Scotia","15-02-2021",0,7498
"Nova Scotia","16-02-2021",727,8225
"Nova Scotia","17-02-2021",605,8830
"Nova Scotia","18-02-2021",952,9782
"Nova Scotia","19-02-2021",0,9782
"Nova Scotia","20-02-2021",0,9782
"Nova Scotia","21-02-2021",0,9782
"Nova Scotia","22-02-2021",1751,11533
"Nova Scotia","23-02-2021",-1,11532
"Nova Scotia","24-02-2021",126,11658
"Nova Scotia","25-02-2021",108,11766
"Nova Scotia","26-02-2021",339,12105
"Nova Scotia","27-02-2021",0,12105
"Nova Scotia","28-02-2021",0,12105
"Nova Scotia","01-03-2021",740,12845
"Nova Scotia","02-03-2021",46,12891
"Nova Scotia","03-03-2021",621,13512
"Nova Scotia","04-03-2021",707,14219
"Nova Scotia","05-03-2021",176,14395
"Nova Scotia","06-03-2021",0,14395
"Nova Scotia","07-03-2021",0,14395
"Nova Scotia","08-03-2021",38,14433
"Nova Scotia","09-03-2021",109,14542
"Nova Scotia","10-03-2021",544,15086
"Nova Scotia","11-03-2021",297,15383
"Nova Scotia","12-03-2021",272,15655
"Nova Scotia","13-03-2021",0,15655
"Nova Scotia","14-03-2021",0,15655
"Nova Scotia","15-03-2021",458,16113
"Nova Scotia","16-03-2021",537,16650
"Nova Scotia","17-03-2021",1172,17822
"Nova Scotia","18-03-2021",1161,18983
"Nova Scotia","19-03-2021",1067,20050
"Nova Scotia","20-03-2021",0,20050
"Nova Scotia","21-03-2021",0,20050
"Nova Scotia","22-03-2021",0,20050
"Nova Scotia","23-03-2021",529,20579
"Nova Scotia","24-03-2021",1069,21648
"Nova Scotia","25-03-2021",1269,22917
"Nova Scotia","26-03-2021",745,23662
"Nova Scotia","27-03-2021",0,23662
"Nova Scotia","28-03-2021",0,23662
"Nova Scotia","29-03-2021",682,24344
"Nova Scotia","30-03-2021",758,25102
"Nova Scotia","31-03-2021",1497,26599
"Nova Scotia","01-04-2021",1953,28552
"Nova Scotia","02-04-2021",978,29530
"Nova Scotia","03-04-2021",0,29530
"Nova Scotia","04-04-2021",0,29530
"Nova Scotia","05-04-2021",2,29532
"Nova Scotia","06-04-2021",145,29677
"Nova Scotia","07-04-2021",392,30069
"Nova Scotia","08-04-2021",331,30400
"Nova Scotia","09-04-2021",438,30838
"Nova Scotia","10-04-2021",0,30838
"Nova Scotia","11-04-2021",0,30838
"Nova Scotia","12-04-2021",281,31119
"Nova Scotia","13-04-2021",175,31294
"Nova Scotia","14-04-2021",289,31583
"Nova Scotia","15-04-2021",415,31998
"Nova Scotia","16-04-2021",257,32255
"Nova Scotia","17-04-2021",0,32255
"Nova Scotia","18-04-2021",0,32255
"Nova Scotia","19-04-2021",241,32496
"Nova Scotia","20-04-2021",381,32877
"Nova Scotia","21-04-2021",479,33356
"Nova Scotia","22-04-2021",788,34144
"Nova Scotia","23-04-2021",349,34493
"Nova Scotia","24-04-2021",0,34493
"Nova Scotia","25-04-2021",0,34493
"Nova Scotia","26-04-2021",323,34816
"Nova Scotia","27-04-2021",186,35002
"Nova Scotia","28-04-2021",547,35549
"Nova Scotia","29-04-2021",445,35994
"Nova Scotia","30-04-2021",387,36381
"Nova Scotia","01-05-2021",0,36381
"Nova Scotia","02-05-2021",0,36381
"Nova Scotia","03-05-2021",219,36600
"Nova Scotia","04-05-2021",87,36687
"Nova Scotia","05-05-2021",171,36858
"Nova Scotia","06-05-2021",488,37346
"Nova Scotia","07-05-2021",284,37630
"Nova Scotia","08-05-2021",0,37630
"Nova Scotia","09-05-2021",0,37630
"Nova Scotia","10-05-2021",69,37699
"Nova Scotia","11-05-2021",85,37784
"Nova Scotia","12-05-2021",368,38152
"Nova Scotia","13-05-2021",269,38421
"Nova Scotia","14-05-2021",409,38830
"Nova Scotia","15-05-2021",0,38830
"Nova Scotia","16-05-2021",0,38830
"Nova Scotia","17-05-2021",405,39235
"Nova Scotia","18-05-2021",326,39561
"Nova Scotia","19-05-2021",535,40096
"Nova Scotia","20-05-2021",399,40495
"Nova Scotia","21-05-2021",405,40900
"Nova Scotia","22-05-2021",0,40900
"Nova Scotia","23-05-2021",0,40900
"Nova Scotia","24-05-2021",0,40900
"Nova Scotia","25-05-2021",0,40900
"Nova Scotia","26-05-2021",1305,42205
"Nova Scotia","27-05-2021",699,42904
"Nova Scotia","28-05-2021",348,43252
"Nova Scotia","29-05-2021",0,43252
"Nova Scotia","30-05-2021",0,43252
"Nova Scotia","31-05-2021",211,43463
"Nova Scotia","01-06-2021",98,43561
"Nova Scotia","02-06-2021",215,43776
"Nova Scotia","03-06-2021",141,43917
"Nova Scotia","04-06-2021",271,44188
"Nova Scotia","05-06-2021",0,44188
"Nova Scotia","06-06-2021",0,44188
"Nova Scotia","07-06-2021",379,44567
"Nova Scotia","08-06-2021",309,44876
"Nova Scotia","09-06-2021",496,45372
"Nova Scotia","10-06-2021",1258,46630
"Nova Scotia","11-06-2021",1300,47930
"Nova Scotia","12-06-2021",0,47930
"Nova Scotia","13-06-2021",0,47930
"Nova Scotia","14-06-2021",3606,51536
"Nova Scotia","15-06-2021",2825,54361
"Nova Scotia","16-06-2021",4493,58854
"Nova Scotia","17-06-2021",7394,66248
"Nova Scotia","18-06-2021",7352,73600
"Nova Scotia","19-06-2021",0,73600
"Nova Scotia","20-06-2021",0,73600
"Nova Scotia","21-06-2021",11254,84854
"Nova Scotia","22-06-2021",11927,96781
"Nova Scotia","23-06-2021",15547,112328
"Nova Scotia","24-06-2021",17494,129822
"Nova Scotia","25-06-2021",17179,147001
"Nova Scotia","26-06-2021",0,147001
"Nova Scotia","27-06-2021",0,147001
"Nova Scotia","28-06-2021",25909,172910
"Nova Scotia","29-06-2021",20290,193200
"Nova Scotia","30-06-2021",26304,219504
"Nova Scotia","01-07-2021",0,219504
"Nova Scotia","02-07-2021",33827,253331
"Nova Scotia","03-07-2021",0,253331
"Nova Scotia","04-07-2021",0,253331
"Nova Scotia","05-07-2021",30360,283691
"Nova Scotia","06-07-2021",15894,299585
"Nova Scotia","07-07-2021",23148,322733
"Nova Scotia","08-07-2021",25301,348034
"Nova Scotia","09-07-2021",21378,369412
"Nova Scotia","10-07-2021",0,369412
"Nova Scotia","11-07-2021",0,369412
"Nova Scotia","12-07-2021",30167,399579
"Nova Scotia","13-07-2021",15944,415523
"Nova Scotia","14-07-2021",19014,434537
"Nova Scotia","15-07-2021",19810,454347
"Nova Scotia","16-07-2021",16244,470591
"Nova Scotia","17-07-2021",0,470591
"Nova Scotia","18-07-2021",0,470591
"Nova Scotia","19-07-2021",14621,485212
"Nova Scotia","20-07-2021",0,485212
"Nova Scotia","21-07-2021",27181,512393
"Nova Scotia","22-07-2021",15226,527619
"Nova Scotia","23-07-2021",13770,541389
"Nova Scotia","24-07-2021",0,541389
"Nova Scotia","25-07-2021",0,541389
"Nova Scotia","26-07-2021",18424,559813
"Nova Scotia","27-07-2021",9780,569593
"Nova Scotia","28-07-2021",12316,581909
"Nova Scotia","29-07-2021",13817,595726
"Nova Scotia","30-07-2021",11249,606975
"Nova Scotia","31-07-2021",0,606975
"Nova Scotia","01-08-2021",0,606975
"Nova Scotia","02-08-2021",0,606975
"Nova Scotia","03-08-2021",13582,620557
"Nova Scotia","04-08-2021",8716,629273
"Nova Scotia","05-08-2021",7630,636903
"Nova Scotia","06-08-2021",6604,643507
"Nova Scotia","07-08-2021",0,643507
"Nova Scotia","08-08-2021",0,643507
"Nova Scotia","09-08-2021",6628,650135
"Nova Scotia","10-08-2021",1951,652086
"Nova Scotia","11-08-2021",2680,654766
"Nova Scotia","12-08-2021",2439,657205
"Nova Scotia","13-08-2021",0,657205
"Nova Scotia","14-08-2021",0,657205
"Nova Scotia","15-08-2021",0,657205
"Nova Scotia","16-08-2021",4648,661853
"Nova Scotia","17-08-2021",1062,662915
"Nova Scotia","18-08-2021",2434,665349
"Nova Scotia","19-08-2021",3304,668653
"Nova Scotia","20-08-2021",3268,671921
"Nova Scotia","21-08-2021",0,671921
"Nova Scotia","22-08-2021",0,671921
"Nova Scotia","23-08-2021",0,671921
"Nova Scotia","24-08-2021",3748,675669
"Nova Scotia","25-08-2021",2901,678570
"Nova Scotia","26-08-2021",3800,682370
"Nova Scotia","27-08-2021",2976,685346
"Nova Scotia","28-08-2021",0,685346
"Nova Scotia","29-08-2021",0,685346
"Nova Scotia","30-08-2021",2337,687683
"Nova Scotia","31-08-2021",1043,688726
"Nova Scotia","01-09-2021",1428,690154
"Nova Scotia","02-09-2021",2037,692191
"Nova Scotia","03-09-2021",1523,693714
"Nova Scotia","04-09-2021",0,693714
"Nova Scotia","05-09-2021",0,693714
"Nova Scotia","06-09-2021",0,693714
"Nova Scotia","07-09-2021",1810,695524
"Nova Scotia","08-09-2021",1258,696782
"Nova Scotia","09-09-2021",2542,699324
"Nova Scotia","10-09-2021",2384,701708
"Nova Scotia","11-09-2021",0,701708
"Nova Scotia","12-09-2021",0,701708
"Nova Scotia","13-09-2021",2929,704637
"Nova Scotia","14-09-2021",1609,706246
"Nova Scotia","15-09-2021",1641,707887
"Nova Scotia","16-09-2021",1997,709884
"Nova Scotia","17-09-2021",1428,711312
"Nova Scotia","18-09-2021",0,711312
"Nova Scotia","19-09-2021",0,711312
"Nova Scotia","20-09-2021",2789,714101
"Nova Scotia","21-09-2021",1035,715136
"Nova Scotia","22-09-2021",1415,716551
"Nova Scotia","23-09-2021",1728,718279
"Nova Scotia","24-09-2021",1541,719820
"Nova Scotia","25-09-2021",0,719820
"Nova Scotia","26-09-2021",0,719820
"Nova Scotia","27-09-2021",2086,721906
"Nova Scotia","28-09-2021",1261,723167
"Nova Scotia","29-09-2021",1605,724772
"Nova Scotia","30-09-2021",0,724772
"Nova Scotia","01-10-2021",3396,728168
"Nova Scotia","02-10-2021",0,728168
"Nova Scotia","03-10-2021",0,728168
"Nova Scotia","04-10-2021",1958,730126
"Nova Scotia","05-10-2021",2024,732150
"Nova Scotia","06-10-2021",2098,734248
"Nova Scotia","07-10-2021",1942,736190
"Nova Scotia","08-10-2021",1371,737561
"Nova Scotia","09-10-2021",0,737561
"Nova Scotia","10-10-2021",0,737561
"Nova Scotia","11-10-2021",0,737561
"Nova Scotia","12-10-2021",1897,739458
"Nova Scotia","13-10-2021",2830,742288
"Nova Scotia","14-10-2021",1718,744006
"Nova Scotia","15-10-2021",1511,745517
"Nova Scotia","16-10-2021",0,745517
"Nova Scotia","17-10-2021",0,745517
"Nova Scotia","18-10-2021",2115,747632
"Nova Scotia","19-10-2021",1446,749078
"Nova Scotia","20-10-2021",1271,750349
"Nova Scotia","21-10-2021",1567,751916
"Nova Scotia","22-10-2021",1415,753331
"Nova Scotia","23-10-2021",0,753331
"Nova Scotia","24-10-2021",0,753331
"Nova Scotia","25-10-2021",2527,755858
"Nova Scotia","26-10-2021",1022,756880
"Nova Scotia","27-10-2021",1549,758429
"Nova Scotia","28-10-2021",1342,759771
"Nova Scotia","29-10-2021",1563,761334
"Nova Scotia","30-10-2021",0,761334
"Nova Scotia","31-10-2021",0,761334
"Nova Scotia","01-11-2021",1977,763311
"Nova Scotia","02-11-2021",643,763954
"Nova Scotia","03-11-2021",1013,764967
"Nova Scotia","04-11-2021",1034,766001
"Nova Scotia","05-11-2021",1199,767200
"Nova Scotia","06-11-2021",0,767200
"Nova Scotia","07-11-2021",0,767200
"Nova Scotia","08-11-2021",1458,768658
"Nova Scotia","09-11-2021",840,769498
"Nova Scotia","10-11-2021",1393,770891
"Nova Scotia","11-11-2021",0,770891
"Nova Scotia","12-11-2021",1247,772138
"Nova Scotia","13-11-2021",0,772138
"Nova Scotia","14-11-2021",0,772138
"Nova Scotia","15-11-2021",1156,773294
"Nova Scotia","16-11-2021",731,774025
"Nova Scotia","17-11-2021",9641,783666
"Nova Scotia","18-11-2021",978,784644
"Nova Scotia","19-11-2021",736,785380
"Nova Scotia","20-11-2021",0,785380
"Nova Scotia","21-11-2021",0,785380
"Nova Scotia","22-11-2021",0,785380
"Nova Scotia","23-11-2021",0,785380
"Nova Scotia","24-11-2021",1973,787353
"Nova Scotia","25-11-2021",889,788242
"Nova Scotia","26-11-2021",700,788942
"Nova Scotia","27-11-2021",0,788942
"Nova Scotia","28-11-2021",0,788942
"Nova Scotia","29-11-2021",956,789898
"Nova Scotia","30-11-2021",844,790742
"Nova Scotia","01-12-2021",800,791542
"Nova Scotia","02-12-2021",1174,792716
"Nova Scotia","03-12-2021",686,793402
"Nova Scotia","04-12-2021",0,793402
"Nova Scotia","05-12-2021",0,793402
"Nova Scotia","06-12-2021",552,793954
"Nunavut","12-01-2021",0,0
"Nunavut","13-01-2021",0,0
"Nunavut","14-01-2021",0,0
"Nunavut","15-01-2021",0,0
"Nunavut","16-01-2021",0,0
"Nunavut","17-01-2021",0,0
"Nunavut","18-01-2021",0,0
"Nunavut","19-01-2021",0,0
"Nunavut","20-01-2021",0,0
"Nunavut","21-01-2021",0,0
"Nunavut","22-01-2021",0,0
"Nunavut","23-01-2021",0,0
"Nunavut","24-01-2021",0,0
"Nunavut","25-01-2021",0,0
"Nunavut","26-01-2021",0,0
"Nunavut","27-01-2021",0,0
"Nunavut","28-01-2021",0,0
"Nunavut","29-01-2021",0,0
"Nunavut","30-01-2021",0,0
"Nunavut","31-01-2021",0,0
"Nunavut","01-02-2021",0,0
"Nunavut","02-02-2021",0,0
"Nunavut","03-02-2021",0,0
"Nunavut","04-02-2021",0,0
"Nunavut","05-02-2021",0,0
"Nunavut","06-02-2021",0,0
"Nunavut","07-02-2021",0,0
"Nunavut","08-02-2021",0,0
"Nunavut","09-02-2021",0,0
"Nunavut","10-02-2021",0,0
"Nunavut","11-02-2021",0,0
"Nunavut","12-02-2021",0,0
"Nunavut","13-02-2021",0,0
"Nunavut","14-02-2021",0,0
"Nunavut","15-02-2021",0,0
"Nunavut","16-02-2021",0,0
"Nunavut","17-02-2021",0,0
"Nunavut","18-02-2021",0,0
"Nunavut","19-02-2021",0,0
"Nunavut","20-02-2021",0,0
"Nunavut","21-02-2021",0,0
"Nunavut","22-02-2021",0,0
"Nunavut","23-02-2021",0,0
"Nunavut","24-02-2021",0,0
"Nunavut","25-02-2021",0,0
"Nunavut","26-02-2021",0,0
"Nunavut","27-02-2021",0,0
"Nunavut","28-02-2021",0,0
"Nunavut","01-03-2021",0,0
"Nunavut","02-03-2021",0,0
"Nunavut","03-03-2021",5114,5114
"Nunavut","04-03-2021",11,5125
"Nunavut","05-03-2021",19,5144
"Nunavut","06-03-2021",0,5144
"Nunavut","07-03-2021",0,5144
"Nunavut","08-03-2021",318,5462
"Nunavut","09-03-2021",55,5517
"Nunavut","10-03-2021",161,5678
"Nunavut","11-03-2021",51,5729
"Nunavut","12-03-2021",21,5750
"Nunavut","13-03-2021",0,5750
"Nunavut","14-03-2021",0,5750
"Nunavut","15-03-2021",289,6039
"Nunavut","16-03-2021",40,6079
"Nunavut","17-03-2021",151,6230
"Nunavut","18-03-2021",143,6373
"Nunavut","19-03-2021",40,6413
"Nunavut","20-03-2021",0,6413
"Nunavut","21-03-2021",0,6413
"Nunavut","22-03-2021",53,6466
"Nunavut","23-03-2021",111,6577
"Nunavut","24-03-2021",102,6679
"Nunavut","25-03-2021",94,6773
"Nunavut","26-03-2021",12,6785
"Nunavut","27-03-2021",0,6785
"Nunavut","28-03-2021",0,6785
"Nunavut","29-03-2021",73,6858
"Nunavut","30-03-2021",541,7399
"Nunavut","31-03-2021",193,7592
"Nunavut","01-04-2021",148,7740
"Nunavut","02-04-2021",0,7740
"Nunavut","03-04-2021",0,7740
"Nunavut","04-04-2021",0,7740
"Nunavut","05-04-2021",0,7740
"Nunavut","06-04-2021",597,8337
"Nunavut","07-04-2021",481,8818
"Nunavut","08-04-2021",0,8818
"Nunavut","09-04-2021",429,9247
"Nunavut","10-04-2021",0,9247
"Nunavut","11-04-2021",0,9247
"Nunavut","12-04-2021",217,9464
"Nunavut","13-04-2021",314,9778
"Nunavut","14-04-2021",237,10015
"Nunavut","15-04-2021",113,10128
"Nunavut","16-04-2021",306,10434
"Nunavut","17-04-2021",0,10434
"Nunavut","18-04-2021",0,10434
"Nunavut","19-04-2021",499,10933
"Nunavut","20-04-2021",349,11282
"Nunavut","21-04-2021",323,11605
"Nunavut","22-04-2021",225,11830
"Nunavut","23-04-2021",110,11940
"Nunavut","24-04-2021",0,11940
"Nunavut","25-04-2021",0,11940
"Nunavut","26-04-2021",241,12181
"Nunavut","27-04-2021",0,12181
"Nunavut","28-04-2021",104,12285
"Nunavut","29-04-2021",43,12328
"Nunavut","30-04-2021",67,12395
"Nunavut","01-05-2021",0,12395
"Nunavut","02-05-2021",0,12395
"Nunavut","03-05-2021",134,12529
"Nunavut","04-05-2021",39,12568
"Nunavut","05-05-2021",53,12621
"Nunavut","06-05-2021",71,12692
"Nunavut","07-05-2021",76,12768
"Nunavut","08-05-2021",0,12768
"Nunavut","09-05-2021",0,12768
"Nunavut","10-05-2021",110,12878
"Nunavut","11-05-2021",53,12931
"Nunavut","12-05-2021",-52,12879
"Nunavut","13-05-2021",0,12879
"Nunavut","14-05-2021",0,12879
"Nunavut","15-05-2021",0,12879
"Nunavut","16-05-2021",0,12879
"Nunavut","17-05-2021",0,12879
"Nunavut","18-05-2021",426,13305
"Nunavut","19-05-2021",0,13305
"Nunavut","20-05-2021",0,13305
"Nunavut","21-05-2021",0,13305
"Nunavut","22-05-2021",0,13305
"Nunavut","23-05-2021",0,13305
"Nunavut","24-05-2021",0,13305
"Nunavut","25-05-2021",808,14113
"Nunavut","26-05-2021",0,14113
"Nunavut","27-05-2021",0,14113
"Nunavut","28-05-2021",0,14113
"Nunavut","29-05-2021",0,14113
"Nunavut","30-05-2021",0,14113
"Nunavut","31-05-2021",0,14113
"Nunavut","01-06-2021",836,14949
"Nunavut","02-06-2021",0,14949
"Nunavut","03-06-2021",0,14949
"Nunavut","04-06-2021",0,14949
"Nunavut","05-06-2021",0,14949
"Nunavut","06-06-2021",0,14949
"Nunavut","07-06-2021",0,14949
"Nunavut","08-06-2021",0,14949
"Nunavut","09-06-2021",0,14949
"Nunavut","10-06-2021",0,14949
"Nunavut","11-06-2021",0,14949
"Nunavut","12-06-2021",0,14949
"Nunavut","13-06-2021",0,14949
"Nunavut","14-06-2021",0,14949
"Nunavut","15-06-2021",0,14949
"Nunavut","16-06-2021",0,14949
"Nunavut","17-06-2021",220,15169
"Nunavut","18-06-2021",0,15169
"Nunavut","19-06-2021",0,15169
"Nunavut","20-06-2021",0,15169
"Nunavut","21-06-2021",0,15169
"Nunavut","22-06-2021",0,15169
"Nunavut","23-06-2021",582,15751
"Nunavut","24-06-2021",0,15751
"Nunavut","25-06-2021",0,15751
"Nunavut","26-06-2021",0,15751
"Nunavut","27-06-2021",0,15751
"Nunavut","28-06-2021",0,15751
"Nunavut","29-06-2021",360,16111
"Nunavut","30-06-2021",0,16111
"Nunavut","01-07-2021",0,16111
"Nunavut","02-07-2021",0,16111
"Nunavut","03-07-2021",0,16111
"Nunavut","04-07-2021",0,16111
"Nunavut","05-07-2021",0,16111
"Nunavut","06-07-2021",368,16479
"Nunavut","07-07-2021",0,16479
"Nunavut","08-07-2021",0,16479
"Nunavut","09-07-2021",0,16479
"Nunavut","10-07-2021",0,16479
"Nunavut","11-07-2021",0,16479
"Nunavut","12-07-2021",0,16479
"Nunavut","13-07-2021",791,17270
"Nunavut","14-07-2021",0,17270
"Nunavut","15-07-2021",0,17270
"Nunavut","16-07-2021",0,17270
"Nunavut","17-07-2021",0,17270
"Nunavut","18-07-2021",0,17270
"Nunavut","19-07-2021",0,17270
"Nunavut","20-07-2021",1498,18768
"Nunavut","21-07-2021",0,18768
"Nunavut","22-07-2021",0,18768
"Nunavut","23-07-2021",0,18768
"Nunavut","24-07-2021",0,18768
"Nunavut","25-07-2021",0,18768
"Nunavut","26-07-2021",0,18768
"Nunavut","27-07-2021",545,19313
"Nunavut","28-07-2021",0,19313
"Nunavut","29-07-2021",0,19313
"Nunavut","30-07-2021",0,19313
"Nunavut","31-07-2021",0,19313
"Nunavut","01-08-2021",0,19313
"Nunavut","02-08-2021",0,19313
"Nunavut","03-08-2021",0,19313
"Nunavut","04-08-2021",481,19794
"Nunavut","05-08-2021",0,19794
"Nunavut","06-08-2021",0,19794
"Nunavut","07-08-2021",0,19794
"Nunavut","08-08-2021",0,19794
"Nunavut","09-08-2021",0,19794
"Nunavut","10-08-2021",267,20061
"Nunavut","11-08-2021",0,20061
"Nunavut","12-08-2021",0,20061
"Nunavut","13-08-2021",0,20061
"Nunavut","14-08-2021",0,20061
"Nunavut","15-08-2021",0,20061
"Nunavut","16-08-2021",0,20061
"Nunavut","17-08-2021",308,20369
"Nunavut","18-08-2021",0,20369
"Nunavut","19-08-2021",0,20369
"Nunavut","20-08-2021",0,20369
"Nunavut","21-08-2021",0,20369
"Nunavut","22-08-2021",0,20369
"Nunavut","23-08-2021",0,20369
"Nunavut","24-08-2021",269,20638
"Nunavut","25-08-2021",0,20638
"Nunavut","26-08-2021",0,20638
"Nunavut","27-08-2021",0,20638
"Nunavut","28-08-2021",0,20638
"Nunavut","29-08-2021",0,20638
"Nunavut","30-08-2021",0,20638
"Nunavut","31-08-2021",249,20887
"Nunavut","01-09-2021",0,20887
"Nunavut","02-09-2021",0,20887
"Nunavut","03-09-2021",0,20887
"Nunavut","04-09-2021",0,20887
"Nunavut","05-09-2021",0,20887
"Nunavut","06-09-2021",0,20887
"Nunavut","07-09-2021",0,20887
"Nunavut","08-09-2021",187,21074
"Nunavut","09-09-2021",0,21074
"Nunavut","10-09-2021",0,21074
"Nunavut","11-09-2021",0,21074
"Nunavut","12-09-2021",0,21074
"Nunavut","13-09-2021",0,21074
"Nunavut","14-09-2021",142,21216
"Nunavut","15-09-2021",0,21216
"Nunavut","16-09-2021",0,21216
"Nunavut","17-09-2021",0,21216
"Nunavut","18-09-2021",0,21216
"Nunavut","19-09-2021",0,21216
"Nunavut","20-09-2021",0,21216
"Nunavut","21-09-2021",0,21216
"Nunavut","22-09-2021",178,21394
"Nunavut","23-09-2021",0,21394
"Nunavut","24-09-2021",0,21394
"Nunavut","25-09-2021",0,21394
"Nunavut","26-09-2021",0,21394
"Nunavut","27-09-2021",0,21394
"Nunavut","28-09-2021",289,21683
"Nunavut","29-09-2021",0,21683
"Nunavut","30-09-2021",0,21683
"Nunavut","01-10-2021",0,21683
"Nunavut","02-10-2021",0,21683
"Nunavut","03-10-2021",0,21683
"Nunavut","04-10-2021",0,21683
"Nunavut","05-10-2021",0,21683
"Nunavut","06-10-2021",280,21963
"Nunavut","07-10-2021",0,21963
"Nunavut","08-10-2021",0,21963
"Nunavut","09-10-2021",0,21963
"Nunavut","10-10-2021",0,21963
"Nunavut","11-10-2021",0,21963
"Nunavut","12-10-2021",0,21963
"Nunavut","13-10-2021",0,21963
"Nunavut","14-10-2021",0,21963
"Nunavut","15-10-2021",255,22218
"Nunavut","16-10-2021",0,22218
"Nunavut","17-10-2021",0,22218
"Nunavut","18-10-2021",0,22218
"Nunavut","19-10-2021",267,22485
"Nunavut","20-10-2021",0,22485
"Nunavut","21-10-2021",0,22485
"Nunavut","22-10-2021",0,22485
"Nunavut","23-10-2021",0,22485
"Nunavut","24-10-2021",0,22485
"Nunavut","25-10-2021",267,22752
"Nunavut","26-10-2021",0,22752
"Nunavut","27-10-2021",0,22752
"Nunavut","28-10-2021",0,22752
"Nunavut","29-10-2021",0,22752
"Nunavut","30-10-2021",0,22752
"Nunavut","31-10-2021",0,22752
"Nunavut","01-11-2021",252,23004
"Nunavut","02-11-2021",0,23004
"Nunavut","03-11-2021",0,23004
"Nunavut","04-11-2021",0,23004
"Nunavut","05-11-2021",0,23004
"Nunavut","06-11-2021",0,23004
"Nunavut","07-11-2021",0,23004
"Nunavut","08-11-2021",224,23228
"Nunavut","09-11-2021",0,23228
"Nunavut","10-11-2021",0,23228
"Nunavut","11-11-2021",0,23228
"Nunavut","12-11-2021",0,23228
"Nunavut","13-11-2021",0,23228
"Nunavut","14-11-2021",0,23228
"Nunavut","15-11-2021",245,23473
"Nunavut","16-11-2021",0,23473
"Nunavut","17-11-2021",0,23473
"Nunavut","18-11-2021",0,23473
"Nunavut","19-11-2021",0,23473
"Nunavut","20-11-2021",0,23473
"Nunavut","21-11-2021",0,23473
"Nunavut","22-11-2021",317,23790
"Nunavut","23-11-2021",0,23790
"Nunavut","24-11-2021",0,23790
"Nunavut","25-11-2021",0,23790
"Nunavut","26-11-2021",0,23790
"Nunavut","27-11-2021",0,23790
"Nunavut","28-11-2021",0,23790
"Nunavut","29-11-2021",247,24037
"Nunavut","30-11-2021",0,24037
"Nunavut","01-12-2021",0,24037
"Nunavut","02-12-2021",0,24037
"Nunavut","03-12-2021",0,24037
"Nunavut","04-12-2021",0,24037
"Nunavut","05-12-2021",0,24037
"Nunavut","06-12-2021",161,24198
"NWT","12-01-2021",0,0
"NWT","13-01-2021",0,0
"NWT","14-01-2021",0,0
"NWT","15-01-2021",0,0
"NWT","16-01-2021",0,0
"NWT","17-01-2021",0,0
"NWT","18-01-2021",0,0
"NWT","19-01-2021",0,0
"NWT","20-01-2021",0,0
"NWT","21-01-2021",0,0
"NWT","22-01-2021",0,0
"NWT","23-01-2021",0,0
"NWT","24-01-2021",0,0
"NWT","25-01-2021",0,0
"NWT","26-01-2021",0,0
"NWT","27-01-2021",0,0
"NWT","28-01-2021",0,0
"NWT","29-01-2021",0,0
"NWT","30-01-2021",0,0
"NWT","31-01-2021",0,0
"NWT","01-02-2021",0,0
"NWT","02-02-2021",125,125
"NWT","03-02-2021",0,125
"NWT","04-02-2021",0,125
"NWT","05-02-2021",0,125
"NWT","06-02-2021",0,125
"NWT","07-02-2021",0,125
"NWT","08-02-2021",0,125
"NWT","09-02-2021",174,299
"NWT","10-02-2021",0,299
"NWT","11-02-2021",0,299
"NWT","12-02-2021",0,299
"NWT","13-02-2021",0,299
"NWT","14-02-2021",0,299
"NWT","15-02-2021",0,299
"NWT","16-02-2021",280,579
"NWT","17-02-2021",0,579
"NWT","18-02-2021",0,579
"NWT","19-02-2021",0,579
"NWT","20-02-2021",0,579
"NWT","21-02-2021",0,579
"NWT","22-02-2021",0,579
"NWT","23-02-2021",1355,1934
"NWT","24-02-2021",0,1934
"NWT","25-02-2021",0,1934
"NWT","26-02-2021",0,1934
"NWT","27-02-2021",0,1934
"NWT","28-02-2021",0,1934
"NWT","01-03-2021",0,1934
"NWT","02-03-2021",2624,4558
"NWT","03-03-2021",0,4558
"NWT","04-03-2021",0,4558
"NWT","05-03-2021",0,4558
"NWT","06-03-2021",0,4558
"NWT","07-03-2021",0,4558
"NWT","08-03-2021",0,4558
"NWT","09-03-2021",6593,11151
"NWT","10-03-2021",0,11151
"NWT","11-03-2021",0,11151
"NWT","12-03-2021",0,11151
"NWT","13-03-2021",0,11151
"NWT","14-03-2021",0,11151
"NWT","15-03-2021",1238,12389
"NWT","16-03-2021",0,12389
"NWT","17-03-2021",0,12389
"NWT","18-03-2021",0,12389
"NWT","19-03-2021",0,12389
"NWT","20-03-2021",0,12389
"NWT","21-03-2021",0,12389
"NWT","22-03-2021",894,13283
"NWT","23-03-2021",0,13283
"NWT","24-03-2021",0,13283
"NWT","25-03-2021",0,13283
"NWT","26-03-2021",0,13283
"NWT","27-03-2021",0,13283
"NWT","28-03-2021",0,13283
"NWT","29-03-2021",650,13933
"NWT","30-03-2021",0,13933
"NWT","31-03-2021",0,13933
"NWT","01-04-2021",0,13933
"NWT","02-04-2021",0,13933
"NWT","03-04-2021",0,13933
"NWT","04-04-2021",0,13933
"NWT","05-04-2021",0,13933
"NWT","06-04-2021",538,14471
"NWT","07-04-2021",0,14471
"NWT","08-04-2021",0,14471
"NWT","09-04-2021",0,14471
"NWT","10-04-2021",0,14471
"NWT","11-04-2021",0,14471
"NWT","12-04-2021",2000,16471
"NWT","13-04-2021",0,16471
"NWT","14-04-2021",0,16471
"NWT","15-04-2021",0,16471
"NWT","16-04-2021",0,16471
"NWT","17-04-2021",0,16471
"NWT","18-04-2021",0,16471
"NWT","19-04-2021",2800,19271
"NWT","20-04-2021",0,19271
"NWT","21-04-2021",0,19271
"NWT","22-04-2021",0,19271
"NWT","23-04-2021",0,19271
"NWT","24-04-2021",0,19271
"NWT","25-04-2021",0,19271
"NWT","26-04-2021",1672,20943
"NWT","27-04-2021",0,20943
"NWT","28-04-2021",0,20943
"NWT","29-04-2021",0,20943
"NWT","30-04-2021",0,20943
"NWT","01-05-2021",0,20943
"NWT","02-05-2021",0,20943
"NWT","03-05-2021",731,21674
"NWT","04-05-2021",0,21674
"NWT","05-05-2021",0,21674
"NWT","06-05-2021",0,21674
"NWT","07-05-2021",0,21674
"NWT","08-05-2021",0,21674
"NWT","09-05-2021",0,21674
"NWT","10-05-2021",827,22501
"NWT","11-05-2021",0,22501
"NWT","12-05-2021",0,22501
"NWT","13-05-2021",0,22501
"NWT","14-05-2021",0,22501
"NWT","15-05-2021",0,22501
"NWT","16-05-2021",0,22501
"NWT","17-05-2021",459,22960
"NWT","18-05-2021",0,22960
"NWT","19-05-2021",0,22960
"NWT","20-05-2021",0,22960
"NWT","21-05-2021",0,22960
"NWT","22-05-2021",0,22960
"NWT","23-05-2021",0,22960
"NWT","24-05-2021",0,22960
"NWT","25-05-2021",384,23344
"NWT","26-05-2021",0,23344
"NWT","27-05-2021",0,23344
"NWT","28-05-2021",0,23344
"NWT","29-05-2021",0,23344
"NWT","30-05-2021",0,23344
"NWT","31-05-2021",578,23922
"NWT","01-06-2021",0,23922
"NWT","02-06-2021",0,23922
"NWT","03-06-2021",0,23922
"NWT","04-06-2021",0,23922
"NWT","05-06-2021",0,23922
"NWT","06-06-2021",0,23922
"NWT","07-06-2021",0,23922
"NWT","08-06-2021",959,24881
"NWT","09-06-2021",0,24881
"NWT","10-06-2021",0,24881
"NWT","11-06-2021",0,24881
"NWT","12-06-2021",0,24881
"NWT","13-06-2021",0,24881
"NWT","14-06-2021",0,24881
"NWT","15-06-2021",1502,26383
"NWT","16-06-2021",0,26383
"NWT","17-06-2021",0,26383
"NWT","18-06-2021",0,26383
"NWT","19-06-2021",0,26383
"NWT","20-06-2021",0,26383
"NWT","21-06-2021",0,26383
"NWT","22-06-2021",1030,27413
"NWT","23-06-2021",0,27413
"NWT","24-06-2021",0,27413
"NWT","25-06-2021",0,27413
"NWT","26-06-2021",0,27413
"NWT","27-06-2021",0,27413
"NWT","28-06-2021",769,28182
"NWT","29-06-2021",0,28182
"NWT","30-06-2021",0,28182
"NWT","01-07-2021",0,28182
"NWT","02-07-2021",0,28182
"NWT","03-07-2021",0,28182
"NWT","04-07-2021",0,28182
"NWT","05-07-2021",566,28748
"NWT","06-07-2021",0,28748
"NWT","07-07-2021",0,28748
"NWT","08-07-2021",0,28748
"NWT","09-07-2021",0,28748
"NWT","10-07-2021",0,28748
"NWT","11-07-2021",0,28748
"NWT","12-07-2021",539,29287
"NWT","13-07-2021",0,29287
"NWT","14-07-2021",0,29287
"NWT","15-07-2021",0,29287
"NWT","16-07-2021",0,29287
"NWT","17-07-2021",0,29287
"NWT","18-07-2021",0,29287
"NWT","19-07-2021",653,29940
"NWT","20-07-2021",0,29940
"NWT","21-07-2021",0,29940
"NWT","22-07-2021",0,29940
"NWT","23-07-2021",0,29940
"NWT","24-07-2021",0,29940
"NWT","25-07-2021",0,29940
"NWT","26-07-2021",557,30497
"NWT","27-07-2021",0,30497
"NWT","28-07-2021",0,30497
"NWT","29-07-2021",0,30497
"NWT","30-07-2021",0,30497
"NWT","31-07-2021",0,30497
"NWT","01-08-2021",0,30497
"NWT","02-08-2021",0,30497
"NWT","03-08-2021",0,30497
"NWT","04-08-2021",502,30999
"NWT","05-08-2021",0,30999
"NWT","06-08-2021",0,30999
"NWT","07-08-2021",0,30999
"NWT","08-08-2021",0,30999
"NWT","09-08-2021",284,31283
"NWT","10-08-2021",0,31283
"NWT","11-08-2021",0,31283
"NWT","12-08-2021",0,31283
"NWT","13-08-2021",0,31283
"NWT","14-08-2021",0,31283
"NWT","15-08-2021",0,31283
"NWT","16-08-2021",473,31756
"NWT","17-08-2021",0,31756
"NWT","18-08-2021",0,31756
"NWT","19-08-2021",0,31756
"NWT","20-08-2021",0,31756
"NWT","21-08-2021",0,31756
"NWT","22-08-2021",0,31756
"NWT","23-08-2021",0,31756
"NWT","24-08-2021",357,32113
"NWT","25-08-2021",0,32113
"NWT","26-08-2021",0,32113
"NWT","27-08-2021",0,32113
"NWT","28-08-2021",0,32113
"NWT","29-08-2021",0,32113
"NWT","30-08-2021",362,32475
"NWT","31-08-2021",0,32475
"NWT","01-09-2021",0,32475
"NWT","02-09-2021",0,32475
"NWT","03-09-2021",0,32475
"NWT","04-09-2021",0,32475
"NWT","05-09-2021",0,32475
"NWT","06-09-2021",0,32475
"NWT","07-09-2021",0,32475
"NWT","08-09-2021",214,32689
"NWT","09-09-2021",0,32689
"NWT","10-09-2021",0,32689
"NWT","11-09-2021",0,32689
"NWT","12-09-2021",0,32689
"NWT","13-09-2021",0,32689
"NWT","14-09-2021",241,32930
"NWT","15-09-2021",0,32930
"NWT","16-09-2021",0,32930
"NWT","17-09-2021",0,32930
"NWT","18-09-2021",0,32930
"NWT","19-09-2021",0,32930
"NWT","20-09-2021",0,32930
"NWT","21-09-2021",372,33302
"NWT","22-09-2021",0,33302
"NWT","23-09-2021",0,33302
"NWT","24-09-2021",0,33302
"NWT","25-09-2021",0,33302
"NWT","26-09-2021",0,33302
"NWT","27-09-2021",286,33588
"NWT","28-09-2021",0,33588
"NWT","29-09-2021",0,33588
"NWT","30-09-2021",0,33588
"NWT","01-10-2021",0,33588
"NWT","02-10-2021",0,33588
"NWT","03-10-2021",0,33588
"NWT","04-10-2021",262,33850
"NWT","05-10-2021",0,33850
"NWT","06-10-2021",0,33850
"NWT","07-10-2021",0,33850
"NWT","08-10-2021",0,33850
"NWT","09-10-2021",0,33850
"NWT","10-10-2021",0,33850
"NWT","11-10-2021",0,33850
"NWT","12-10-2021",0,33850
"NWT","13-10-2021",359,34209
"NWT","14-10-2021",0,34209
"NWT","15-10-2021",0,34209
"NWT","16-10-2021",0,34209
"NWT","17-10-2021",0,34209
"NWT","18-10-2021",283,34492
"NWT","19-10-2021",0,34492
"NWT","20-10-2021",0,34492
"NWT","21-10-2021",0,34492
"NWT","22-10-2021",0,34492
"NWT","23-10-2021",0,34492
"NWT","24-10-2021",0,34492
"NWT","25-10-2021",296,34788
"NWT","26-10-2021",0,34788
"NWT","27-10-2021",0,34788
"NWT","28-10-2021",0,34788
"NWT","29-10-2021",0,34788
"NWT","30-10-2021",0,34788
"NWT","31-10-2021",0,34788
"NWT","01-11-2021",282,35070
"NWT","02-11-2021",0,35070
"NWT","03-11-2021",0,35070
"NWT","04-11-2021",0,35070
"NWT","05-11-2021",0,35070
"NWT","06-11-2021",0,35070
"NWT","07-11-2021",0,35070
"NWT","08-11-2021",332,35402
"NWT","09-11-2021",0,35402
"NWT","10-11-2021",0,35402
"NWT","11-11-2021",0,35402
"NWT","12-11-2021",0,35402
"NWT","13-11-2021",0,35402
"NWT","14-11-2021",0,35402
"NWT","15-11-2021",0,35402
"NWT","16-11-2021",0,35402
"NWT","17-11-2021",0,35402
"NWT","18-11-2021",0,35402
"NWT","19-11-2021",0,35402
"NWT","20-11-2021",0,35402
"NWT","21-11-2021",0,35402
"NWT","22-11-2021",516,35918
"NWT","23-11-2021",0,35918
"NWT","24-11-2021",0,35918
"NWT","25-11-2021",0,35918
"NWT","26-11-2021",0,35918
"NWT","27-11-2021",0,35918
"NWT","28-11-2021",0,35918
"NWT","29-11-2021",269,36187
"NWT","30-11-2021",0,36187
"NWT","01-12-2021",0,36187
"NWT","02-12-2021",0,36187
"NWT","03-12-2021",0,36187
"NWT","04-12-2021",0,36187
"NWT","05-12-2021",0,36187
"NWT","06-12-2021",277,36464
"Ontario","12-01-2021",3023,3023
"Ontario","13-01-2021",1366,4389
"Ontario","14-01-2021",2258,6647
"Ontario","15-01-2021",1900,8547
"Ontario","16-01-2021",1120,9667
"Ontario","17-01-2021",1190,10857
"Ontario","18-01-2021",19,10876
"Ontario","19-01-2021",1929,12805
"Ontario","20-01-2021",3376,16181
"Ontario","21-01-2021",3932,20113
"Ontario","22-01-2021",4533,24646
"Ontario","23-01-2021",4308,28954
"Ontario","24-01-2021",2487,31441
"Ontario","25-01-2021",4187,35628
"Ontario","26-01-2021",6015,41643
"Ontario","27-01-2021",6587,48230
"Ontario","28-01-2021",7056,55286
"Ontario","29-01-2021",6393,61679
"Ontario","30-01-2021",6108,67787
"Ontario","31-01-2021",1062,68849
"Ontario","01-02-2021",1444,70293
"Ontario","02-02-2021",1764,72057
"Ontario","03-02-2021",2937,74994
"Ontario","04-02-2021",5983,80977
"Ontario","05-02-2021",6854,87831
"Ontario","06-02-2021",7742,95573
"Ontario","07-02-2021",6171,101744
"Ontario","08-02-2021",4419,106163
"Ontario","09-02-2021",9366,115529
"Ontario","10-02-2021",10196,125725
"Ontario","11-02-2021",11263,136988
"Ontario","12-02-2021",14294,151282
"Ontario","13-02-2021",13025,164307
"Ontario","14-02-2021",10336,174643
"Ontario","15-02-2021",0,174643
"Ontario","16-02-2021",12291,186934
"Ontario","17-02-2021",8432,195366
"Ontario","18-02-2021",10436,205802
"Ontario","19-02-2021",11913,217715
"Ontario","20-02-2021",11436,229151
"Ontario","21-02-2021",6771,235922
"Ontario","22-02-2021",4747,240669
"Ontario","23-02-2021",6373,247042
"Ontario","24-02-2021",4548,251590
"Ontario","25-02-2021",3859,255449
"Ontario","26-02-2021",2565,258014
"Ontario","27-02-2021",2958,260972
"Ontario","28-02-2021",1131,262103
"Ontario","01-03-2021",1111,263214
"Ontario","02-03-2021",1682,264896
"Ontario","03-03-2021",1814,266710
"Ontario","04-03-2021",1408,268118
"Ontario","05-03-2021",945,269063
"Ontario","06-03-2021",1562,270625
"Ontario","07-03-2021",1182,271807
"Ontario","08-03-2021",1869,273676
"Ontario","09-03-2021",2517,276193
"Ontario","10-03-2021",3011,279204
"Ontario","11-03-2021",2510,281714
"Ontario","12-03-2021",1034,282748
"Ontario","13-03-2021",1938,284686
"Ontario","14-03-2021",929,285615
"Ontario","15-03-2021",1668,287283
"Ontario","16-03-2021",1635,288918
"Ontario","17-03-2021",1741,290659
"Ontario","18-03-2021",1610,292269
"Ontario","19-03-2021",2480,294749
"Ontario","20-03-2021",2385,297134
"Ontario","21-03-2021",1415,298549
"Ontario","22-03-2021",748,299297
"Ontario","23-03-2021",1746,301043
"Ontario","24-03-2021",1621,302664
"Ontario","25-03-2021",1722,304386
"Ontario","26-03-2021",1987,306373
"Ontario","27-03-2021",1928,308301
"Ontario","28-03-2021",984,309285
"Ontario","29-03-2021",1963,311248
"Ontario","30-03-2021",2641,313889
"Ontario","31-03-2021",1931,315820
"Ontario","01-04-2021",1895,317715
"Ontario","02-04-2021",0,317715
"Ontario","03-04-2021",3754,321469
"Ontario","04-04-2021",0,321469
"Ontario","05-04-2021",728,322197
"Ontario","06-04-2021",951,323148
"Ontario","07-04-2021",1635,324783
"Ontario","08-04-2021",1577,326360
"Ontario","09-04-2021",2238,328598
"Ontario","10-04-2021",2384,330982
"Ontario","11-04-2021",2168,333150
"Ontario","12-04-2021",269,333419
"Ontario","13-04-2021",1843,335262
"Ontario","14-04-2021",1944,337206
"Ontario","15-04-2021",2285,339491
"Ontario","16-04-2021",2442,341933
"Ontario","17-04-2021",2311,344244
"Ontario","18-04-2021",1066,345310
"Ontario","19-04-2021",695,346005
"Ontario","20-04-2021",1592,347597
"Ontario","21-04-2021",1799,349396
"Ontario","22-04-2021",1958,351354
"Ontario","23-04-2021",3854,355208
"Ontario","24-04-2021",3568,358776
"Ontario","25-04-2021",1578,360354
"Ontario","26-04-2021",812,361166
"Ontario","27-04-2021",1397,362563
"Ontario","28-04-2021",2603,365166
"Ontario","29-04-2021",3237,368403
"Ontario","30-04-2021",2707,371110
"Ontario","01-05-2021",2449,373559
"Ontario","02-05-2021",1721,375280
"Ontario","03-05-2021",625,375905
"Ontario","04-05-2021",2180,378085
"Ontario","05-05-2021",3038,381123
"Ontario","06-05-2021",3466,384589
"Ontario","07-05-2021",2895,387484
"Ontario","08-05-2021",3506,390990
"Ontario","09-05-2021",1845,392835
"Ontario","10-05-2021",1049,393884
"Ontario","11-05-2021",2903,396787
"Ontario","12-05-2021",5471,402258
"Ontario","13-05-2021",5342,407600
"Ontario","14-05-2021",7931,415531
"Ontario","15-05-2021",7429,422960
"Ontario","16-05-2021",6676,429636
"Ontario","17-05-2021",3124,432760
"Ontario","18-05-2021",9342,442102
"Ontario","19-05-2021",14682,456784
"Ontario","20-05-2021",16975,473759
"Ontario","21-05-2021",21998,495757
"Ontario","22-05-2021",24224,519981
"Ontario","23-05-2021",11622,531603
"Ontario","24-05-2021",0,531603
"Ontario","25-05-2021",12685,544288
"Ontario","26-05-2021",25029,569317
"Ontario","27-05-2021",25537,594854
"Ontario","28-05-2021",30066,624920
"Ontario","29-05-2021",34219,659139
"Ontario","30-05-2021",28755,687894
"Ontario","31-05-2021",18938,706832
"Ontario","01-06-2021",32890,739722
"Ontario","02-06-2021",41441,781163
"Ontario","03-06-2021",53818,834981
"Ontario","04-06-2021",61084,896065
"Ontario","05-06-2021",67192,963257
"Ontario","06-06-2021",68263,1031520
"Ontario","07-06-2021",55285,1086805
"Ontario","08-06-2021",87525,1174330
"Ontario","09-06-2021",108346,1282676
"Ontario","10-06-2021",117100,1399776
"Ontario","11-06-2021",133966,1533742
"Ontario","12-06-2021",134019,1667761
"Ontario","13-06-2021",129021,1796782
"Ontario","14-06-2021",97538,1894320
"Ontario","15-06-2021",143431,2037751
"Ontario","16-06-2021",160964,2198715
"Ontario","17-06-2021",172320,2371035
"Ontario","18-06-2021",176206,2547241
"Ontario","19-06-2021",178061,2725302
"Ontario","20-06-2021",148978,2874280
"Ontario","21-06-2021",98420,2972700
"Ontario","22-06-2021",172672,3145372
"Ontario","23-06-2021",198372,3343744
"Ontario","24-06-2021",198695,3542439
"Ontario","25-06-2021",218782,3761221
"Ontario","26-06-2021",226884,3988105
"Ontario","27-06-2021",175516,4163621
"Ontario","28-06-2021",161149,4324770
"Ontario","29-06-2021",238699,4563469
"Ontario","30-06-2021",244701,4808170
"Ontario","01-07-2021",0,4808170
"Ontario","02-07-2021",377769,5185939
"Ontario","03-07-2021",191567,5377506
"Ontario","04-07-2021",177131,5554637
"Ontario","05-07-2021",132840,5687477
"Ontario","06-07-2021",196164,5883641
"Ontario","07-07-2021",186006,6069647
"Ontario","08-07-2021",243259,6312906
"Ontario","09-07-2021",203054,6515960
"Ontario","10-07-2021",186664,6702624
"Ontario","11-07-2021",153322,6855946
"Ontario","12-07-2021",110327,6966273
"Ontario","13-07-2021",157734,7124007
"Ontario","14-07-2021",159521,7283528
"Ontario","15-07-2021",146398,7429926
"Ontario","16-07-2021",148190,7578116
"Ontario","17-07-2021",148713,7726829
"Ontario","18-07-2021",118862,7845691
"Ontario","19-07-2021",81014,7926705
"Ontario","20-07-2021",115537,8042242
"Ontario","21-07-2021",123005,8165247
"Ontario","22-07-2021",107238,8272485
"Ontario","23-07-2021",102648,8375133
"Ontario","24-07-2021",105628,8480761
"Ontario","25-07-2021",88991,8569752
"Ontario","26-07-2021",56180,8625932
"Ontario","27-07-2021",76179,8702111
"Ontario","28-07-2021",77348,8779459
"Ontario","29-07-2021",72298,8851757
"Ontario","30-07-2021",67605,8919362
"Ontario","31-07-2021",66276,8985638
"Ontario","01-08-2021",49697,9035335
"Ontario","02-08-2021",0,9035335
"Ontario","03-08-2021",60059,9095394
"Ontario","04-08-2021",48008,9143402
"Ontario","05-08-2021",46133,9189535
"Ontario","06-08-2021",42230,9231765
"Ontario","07-08-2021",48933,9280698
"Ontario","08-08-2021",38255,9318953
"Ontario","09-08-2021",24307,9343260
"Ontario","10-08-2021",37862,9381122
"Ontario","11-08-2021",37510,9418632
"Ontario","12-08-2021",38031,9456663
"Ontario","13-08-2021",37063,9493726
"Ontario","14-08-2021",38379,9532105
"Ontario","15-08-2021",31315,9563420
"Ontario","16-08-2021",20086,9583506
"Ontario","17-08-2021",29359,9612865
"Ontario","18-08-2021",29121,9641986
"Ontario","19-08-2021",28935,9670921
"Ontario","20-08-2021",29364,9700285
"Ontario","21-08-2021",31641,9731926
"Ontario","22-08-2021",22811,9754737
"Ontario","23-08-2021",15652,9770389
"Ontario","24-08-2021",23425,9793814
"Ontario","25-08-2021",25863,9819677
"Ontario","26-08-2021",24982,9844659
"Ontario","27-08-2021",23261,9867920
"Ontario","28-08-2021",24545,9892465
"Ontario","29-08-2021",19449,9911914
"Ontario","30-08-2021",11692,9923606
"Ontario","31-08-2021",19228,9942834
"Ontario","01-09-2021",21502,9964336
"Ontario","02-09-2021",19460,9983796
"Ontario","03-09-2021",22571,10006367
"Ontario","04-09-2021",24636,10031003
"Ontario","05-09-2021",18089,10049092
"Ontario","06-09-2021",0,10049092
"Ontario","07-09-2021",19415,10068507
"Ontario","08-09-2021",20727,10089234
"Ontario","09-09-2021",20348,10109582
"Ontario","10-09-2021",19367,10128949
"Ontario","11-09-2021",23688,10152637
"Ontario","12-09-2021",17449,10170086
"Ontario","13-09-2021",9226,10179312
"Ontario","14-09-2021",16119,10195431
"Ontario","15-09-2021",20520,10215951
"Ontario","16-09-2021",20192,10236143
"Ontario","17-09-2021",20420,10256563
"Ontario","18-09-2021",24007,10280570
"Ontario","19-09-2021",18875,10299445
"Ontario","20-09-2021",10268,10309713
"Ontario","21-09-2021",17479,10327192
"Ontario","22-09-2021",24119,10351311
"Ontario","23-09-2021",27069,10378380
"Ontario","24-09-2021",28494,10406874
"Ontario","25-09-2021",30677,10437551
"Ontario","26-09-2021",24233,10461784
"Ontario","27-09-2021",13053,10474837
"Ontario","28-09-2021",18885,10493722
"Ontario","29-09-2021",23381,10517103
"Ontario","30-09-2021",0,10517103
"Ontario","01-10-2021",41860,10558963
"Ontario","02-10-2021",24604,10583567
"Ontario","03-10-2021",15890,10599457
"Ontario","04-10-2021",12923,10612380
"Ontario","05-10-2021",16752,10629132
"Ontario","06-10-2021",20221,10649353
"Ontario","07-10-2021",15726,10665079
"Ontario","08-10-2021",19277,10684356
"Ontario","09-10-2021",23352,10707708
"Ontario","10-10-2021",18966,10726674
"Ontario","11-10-2021",0,10726674
"Ontario","12-10-2021",11378,10738052
"Ontario","13-10-2021",18883,10756935
"Ontario","14-10-2021",18410,10775345
"Ontario","15-10-2021",19424,10794769
"Ontario","16-10-2021",20339,10815108
"Ontario","17-10-2021",15299,10830407
"Ontario","18-10-2021",8343,10838750
"Ontario","19-10-2021",13759,10852509
"Ontario","20-10-2021",16171,10868680
"Ontario","21-10-2021",14541,10883221
"Ontario","22-10-2021",16808,10900029
"Ontario","23-10-2021",18202,10918231
"Ontario","24-10-2021",12814,10931045
"Ontario","25-10-2021",6660,10937705
"Ontario","26-10-2021",11969,10949674
"Ontario","27-10-2021",14373,10964047
"Ontario","28-10-2021",13525,10977572
"Ontario","29-10-2021",14158,10991730
"Ontario","30-10-2021",15292,11007022
"Ontario","31-10-2021",10745,11017767
"Ontario","01-11-2021",5092,11022859
"Ontario","02-11-2021",8663,11031522
"Ontario","03-11-2021",10776,11042298
"Ontario","04-11-2021",10738,11053036
"Ontario","05-11-2021",10459,11063495
"Ontario","06-11-2021",5868,11069363
"Ontario","07-11-2021",8640,11078003
"Ontario","08-11-2021",11629,11089632
"Ontario","09-11-2021",8375,11098007
"Ontario","10-11-2021",9751,11107758
"Ontario","11-11-2021",10241,11117999
"Ontario","12-11-2021",8664,11126663
"Ontario","13-11-2021",12060,11138723
"Ontario","14-11-2021",8689,11147412
"Ontario","15-11-2021",4710,11152122
"Ontario","16-11-2021",8381,11160503
"Ontario","17-11-2021",9264,11169767
"Ontario","18-11-2021",8709,11178476
"Ontario","19-11-2021",8870,11187346
"Ontario","20-11-2021",9808,11197154
"Ontario","21-11-2021",7345,11204499
"Ontario","22-11-2021",4168,11208667
"Ontario","23-11-2021",6908,11215575
"Ontario","24-11-2021",7758,11223333
"Ontario","25-11-2021",7533,11230866
"Ontario","26-11-2021",7592,11238458
"Ontario","27-11-2021",7182,11245640
"Ontario","28-11-2021",5349,11250989
"Ontario","29-11-2021",3067,11254056
"Ontario","30-11-2021",5673,11259729
"Ontario","01-12-2021",6475,11266204
"Ontario","02-12-2021",6064,11272268
"Ontario","03-12-2021",9213,11281481
"Ontario","04-12-2021",6544,11288025
"Ontario","05-12-2021",4698,11292723
"Ontario","06-12-2021",2983,11295706
"PEI","12-01-2021",1154,1154
"PEI","13-01-2021",0,1154
"PEI","14-01-2021",0,1154
"PEI","15-01-2021",0,1154
"PEI","16-01-2021",0,1154
"PEI","17-01-2021",0,1154
"PEI","18-01-2021",0,1154
"PEI","19-01-2021",253,1407
"PEI","20-01-2021",0,1407
"PEI","21-01-2021",392,1799
"PEI","22-01-2021",0,1799
"PEI","23-01-2021",0,1799
"PEI","24-01-2021",0,1799
"PEI","25-01-2021",0,1799
"PEI","26-01-2021",93,1892
"PEI","27-01-2021",0,1892
"PEI","28-01-2021",340,2232
"PEI","29-01-2021",0,2232
"PEI","30-01-2021",0,2232
"PEI","31-01-2021",0,2232
"PEI","01-02-2021",0,2232
"PEI","02-02-2021",336,2568
"PEI","03-02-2021",0,2568
"PEI","04-02-2021",469,3037
"PEI","05-02-2021",0,3037
"PEI","06-02-2021",0,3037
"PEI","07-02-2021",0,3037
"PEI","08-02-2021",0,3037
"PEI","09-02-2021",480,3517
"PEI","10-02-2021",0,3517
"PEI","11-02-2021",0,3517
"PEI","12-02-2021",270,3787
"PEI","13-02-2021",0,3787
"PEI","14-02-2021",0,3787
"PEI","15-02-2021",0,3787
"PEI","16-02-2021",1113,4900
"PEI","17-02-2021",0,4900
"PEI","18-02-2021",79,4979
"PEI","19-02-2021",0,4979
"PEI","20-02-2021",0,4979
"PEI","21-02-2021",0,4979
"PEI","22-02-2021",0,4979
"PEI","23-02-2021",184,5163
"PEI","24-02-2021",0,5163
"PEI","25-02-2021",2,5165
"PEI","26-02-2021",0,5165
"PEI","27-02-2021",0,5165
"PEI","28-02-2021",0,5165
"PEI","01-03-2021",0,5165
"PEI","02-03-2021",54,5219
"PEI","03-03-2021",0,5219
"PEI","04-03-2021",54,5273
"PEI","05-03-2021",0,5273
"PEI","06-03-2021",0,5273
"PEI","07-03-2021",0,5273
"PEI","08-03-2021",0,5273
"PEI","09-03-2021",241,5514
"PEI","10-03-2021",0,5514
"PEI","11-03-2021",70,5584
"PEI","12-03-2021",0,5584
"PEI","13-03-2021",19,5603
"PEI","14-03-2021",0,5603
"PEI","15-03-2021",0,5603
"PEI","16-03-2021",0,5603
"PEI","17-03-2021",0,5603
"PEI","18-03-2021",11,5614
"PEI","19-03-2021",0,5614
"PEI","20-03-2021",0,5614
"PEI","21-03-2021",0,5614
"PEI","22-03-2021",0,5614
"PEI","23-03-2021",8,5622
"PEI","24-03-2021",0,5622
"PEI","25-03-2021",517,6139
"PEI","26-03-2021",0,6139
"PEI","27-03-2021",0,6139
"PEI","28-03-2021",0,6139
"PEI","29-03-2021",0,6139
"PEI","30-03-2021",267,6406
"PEI","31-03-2021",0,6406
"PEI","01-04-2021",0,6406
"PEI","02-04-2021",806,7212
"PEI","03-04-2021",0,7212
"PEI","04-04-2021",0,7212
"PEI","05-04-2021",0,7212
"PEI","06-04-2021",403,7615
"PEI","07-04-2021",0,7615
"PEI","08-04-2021",626,8241
"PEI","09-04-2021",0,8241
"PEI","10-04-2021",0,8241
"PEI","11-04-2021",0,8241
"PEI","12-04-2021",0,8241
"PEI","13-04-2021",523,8764
"PEI","14-04-2021",0,8764
"PEI","15-04-2021",561,9325
"PEI","16-04-2021",0,9325
"PEI","17-04-2021",0,9325
"PEI","18-04-2021",0,9325
"PEI","19-04-2021",0,9325
"PEI","20-04-2021",254,9579
"PEI","21-04-2021",0,9579
"PEI","22-04-2021",189,9768
"PEI","23-04-2021",0,9768
"PEI","24-04-2021",0,9768
"PEI","25-04-2021",0,9768
"PEI","26-04-2021",0,9768
"PEI","27-04-2021",523,10291
"PEI","28-04-2021",0,10291
"PEI","29-04-2021",294,10585
"PEI","30-04-2021",0,10585
"PEI","01-05-2021",0,10585
"PEI","02-05-2021",0,10585
"PEI","03-05-2021",0,10585
"PEI","04-05-2021",63,10648
"PEI","05-05-2021",0,10648
"PEI","06-05-2021",102,10750
"PEI","07-05-2021",0,10750
"PEI","08-05-2021",0,10750
"PEI","09-05-2021",0,10750
"PEI","10-05-2021",0,10750
"PEI","11-05-2021",196,10946
"PEI","12-05-2021",0,10946
"PEI","13-05-2021",483,11429
"PEI","14-05-2021",0,11429
"PEI","15-05-2021",0,11429
"PEI","16-05-2021",0,11429
"PEI","17-05-2021",0,11429
"PEI","18-05-2021",336,11765
"PEI","19-05-2021",0,11765
"PEI","20-05-2021",391,12156
"PEI","21-05-2021",0,12156
"PEI","22-05-2021",0,12156
"PEI","23-05-2021",0,12156
"PEI","24-05-2021",0,12156
"PEI","25-05-2021",154,12310
"PEI","26-05-2021",0,12310
"PEI","27-05-2021",558,12868
"PEI","28-05-2021",0,12868
"PEI","29-05-2021",0,12868
"PEI","30-05-2021",0,12868
"PEI","31-05-2021",0,12868
"PEI","01-06-2021",573,13441
"PEI","02-06-2021",0,13441
"PEI","03-06-2021",813,14254
"PEI","04-06-2021",51,14305
"PEI","05-06-2021",0,14305
"PEI","06-06-2021",0,14305
"PEI","07-06-2021",0,14305
"PEI","08-06-2021",131,14436
"PEI","09-06-2021",0,14436
"PEI","10-06-2021",2465,16901
"PEI","11-06-2021",0,16901
"PEI","12-06-2021",0,16901
"PEI","13-06-2021",0,16901
"PEI","14-06-2021",0,16901
"PEI","15-06-2021",425,17326
"PEI","16-06-2021",0,17326
"PEI","17-06-2021",1502,18828
"PEI","18-06-2021",0,18828
"PEI","19-06-2021",0,18828
"PEI","20-06-2021",0,18828
"PEI","21-06-2021",0,18828
"PEI","22-06-2021",1252,20080
"PEI","23-06-2021",0,20080
"PEI","24-06-2021",3713,23793
"PEI","25-06-2021",0,23793
"PEI","26-06-2021",0,23793
"PEI","27-06-2021",0,23793
"PEI","28-06-2021",0,23793
"PEI","29-06-2021",4579,28372
"PEI","30-06-2021",0,28372
"PEI","01-07-2021",5432,33804
"PEI","02-07-2021",0,33804
"PEI","03-07-2021",0,33804
"PEI","04-07-2021",0,33804
"PEI","05-07-2021",0,33804
"PEI","06-07-2021",3226,37030
"PEI","07-07-2021",0,37030
"PEI","08-07-2021",6035,43065
"PEI","09-07-2021",0,43065
"PEI","10-07-2021",0,43065
"PEI","11-07-2021",0,43065
"PEI","12-07-2021",0,43065
"PEI","13-07-2021",5239,48304
"PEI","14-07-2021",0,48304
"PEI","15-07-2021",5449,53753
"PEI","16-07-2021",0,53753
"PEI","17-07-2021",0,53753
"PEI","18-07-2021",0,53753
"PEI","19-07-2021",0,53753
"PEI","20-07-2021",4940,58693
"PEI","21-07-2021",0,58693
"PEI","22-07-2021",5785,64478
"PEI","23-07-2021",0,64478
"PEI","24-07-2021",0,64478
"PEI","25-07-2021",0,64478
"PEI","26-07-2021",0,64478
"PEI","27-07-2021",5186,69664
"PEI","28-07-2021",0,69664
"PEI","29-07-2021",5654,75318
"PEI","30-07-2021",0,75318
"PEI","31-07-2021",0,75318
"PEI","01-08-2021",0,75318
"PEI","02-08-2021",0,75318
"PEI","03-08-2021",4934,80252
"PEI","04-08-2021",0,80252
"PEI","05-08-2021",5581,85833
"PEI","06-08-2021",0,85833
"PEI","07-08-2021",0,85833
"PEI","08-08-2021",0,85833
"PEI","09-08-2021",0,85833
"PEI","10-08-2021",4972,90805
"PEI","11-08-2021",0,90805
"PEI","12-08-2021",5502,96307
"PEI","13-08-2021",0,96307
"PEI","14-08-2021",0,96307
"PEI","15-08-2021",0,96307
"PEI","16-08-2021",0,96307
"PEI","17-08-2021",4376,100683
"PEI","18-08-2021",0,100683
"PEI","19-08-2021",4995,105678
"PEI","20-08-2021",0,105678
"PEI","21-08-2021",0,105678
"PEI","22-08-2021",0,105678
"PEI","23-08-2021",0,105678
"PEI","24-08-2021",3327,109005
"PEI","25-08-2021",0,109005
"PEI","26-08-2021",2961,111966
"PEI","27-08-2021",0,111966
"PEI","28-08-2021",0,111966
"PEI","29-08-2021",0,111966
"PEI","30-08-2021",0,111966
"PEI","31-08-2021",1295,113261
"PEI","01-09-2021",0,113261
"PEI","02-09-2021",1763,115024
"PEI","03-09-2021",0,115024
"PEI","04-09-2021",0,115024
"PEI","05-09-2021",0,115024
"PEI","06-09-2021",0,115024
"PEI","07-09-2021",800,115824
"PEI","08-09-2021",0,115824
"PEI","09-09-2021",1047,116871
"PEI","10-09-2021",0,116871
"PEI","11-09-2021",0,116871
"PEI","12-09-2021",0,116871
"PEI","13-09-2021",880,117751
"PEI","14-09-2021",0,117751
"PEI","15-09-2021",0,117751
"PEI","16-09-2021",1044,118795
"PEI","17-09-2021",0,118795
"PEI","18-09-2021",0,118795
"PEI","19-09-2021",0,118795
"PEI","20-09-2021",0,118795
"PEI","21-09-2021",0,118795
"PEI","22-09-2021",814,119609
"PEI","23-09-2021",856,120465
"PEI","24-09-2021",0,120465
"PEI","25-09-2021",0,120465
"PEI","26-09-2021",0,120465
"PEI","27-09-2021",0,120465
"PEI","28-09-2021",667,121132
"PEI","29-09-2021",0,121132
"PEI","30-09-2021",0,121132
"PEI","01-10-2021",1232,122364
"PEI","02-10-2021",0,122364
"PEI","03-10-2021",0,122364
"PEI","04-10-2021",0,122364
"PEI","05-10-2021",333,122697
"PEI","06-10-2021",0,122697
"PEI","07-10-2021",0,122697
"PEI","08-10-2021",0,122697
"PEI","09-10-2021",0,122697
"PEI","10-10-2021",0,122697
"PEI","11-10-2021",0,122697
"PEI","12-10-2021",0,122697
"PEI","13-10-2021",1799,124496
"PEI","14-10-2021",707,125203
"PEI","15-10-2021",0,125203
"PEI","16-10-2021",0,125203
"PEI","17-10-2021",0,125203
"PEI","18-10-2021",0,125203
"PEI","19-10-2021",819,126022
"PEI","20-10-2021",0,126022
"PEI","21-10-2021",559,126581
"PEI","22-10-2021",0,126581
"PEI","23-10-2021",0,126581
"PEI","24-10-2021",0,126581
"PEI","25-10-2021",0,126581
"PEI","26-10-2021",601,127182
"PEI","27-10-2021",0,127182
"PEI","28-10-2021",577,127759
"PEI","29-10-2021",0,127759
"PEI","30-10-2021",0,127759
"PEI","31-10-2021",0,127759
"PEI","01-11-2021",0,127759
"PEI","02-11-2021",646,128405
"PEI","03-11-2021",0,128405
"PEI","04-11-2021",527,128932
"PEI","05-11-2021",0,128932
"PEI","06-11-2021",0,128932
"PEI","07-11-2021",0,128932
"PEI","08-11-2021",0,128932
"PEI","09-11-2021",315,129247
"PEI","10-11-2021",814,130061
"PEI","11-11-2021",0,130061
"PEI","12-11-2021",0,130061
"PEI","13-11-2021",0,130061
"PEI","14-11-2021",0,130061
"PEI","15-11-2021",0,130061
"PEI","16-11-2021",533,130594
"PEI","17-11-2021",0,130594
"PEI","18-11-2021",476,131070
"PEI","19-11-2021",0,131070
"PEI","20-11-2021",0,131070
"PEI","21-11-2021",0,131070
"PEI","22-11-2021",0,131070
"PEI","23-11-2021",527,131597
"PEI","24-11-2021",0,131597
"PEI","25-11-2021",376,131973
"PEI","26-11-2021",0,131973
"PEI","27-11-2021",0,131973
"PEI","28-11-2021",0,131973
"PEI","29-11-2021",0,131973
"PEI","30-11-2021",412,132385
"PEI","01-12-2021",0,132385
"PEI","02-12-2021",385,132770
"PEI","03-12-2021",0,132770
"PEI","04-12-2021",0,132770
"PEI","05-12-2021",0,132770
"PEI","06-12-2021",0,132770
"Quebec","12-01-2021",0,0
"Quebec","13-01-2021",0,0
"Quebec","14-01-2021",0,0
"Quebec","15-01-2021",0,0
"Quebec","16-01-2021",0,0
"Quebec","17-01-2021",0,0
"Quebec","18-01-2021",0,0
"Quebec","19-01-2021",0,0
"Quebec","20-01-2021",0,0
"Quebec","21-01-2021",0,0
"Quebec","22-01-2021",0,0
"Quebec","23-01-2021",0,0
"Quebec","24-01-2021",0,0
"Quebec","25-01-2021",0,0
"Quebec","26-01-2021",0,0
"Quebec","27-01-2021",0,0
"Quebec","28-01-2021",0,0
"Quebec","29-01-2021",0,0
"Quebec","30-01-2021",0,0
"Quebec","31-01-2021",0,0
"Quebec","01-02-2021",0,0
"Quebec","02-02-2021",0,0
"Quebec","03-02-2021",0,0
"Quebec","04-02-2021",0,0
"Quebec","05-02-2021",0,0
"Quebec","06-02-2021",0,0
"Quebec","07-02-2021",0,0
"Quebec","08-02-2021",0,0
"Quebec","09-02-2021",0,0
"Quebec","10-02-2021",0,0
"Quebec","11-02-2021",0,0
"Quebec","12-02-2021",0,0
"Quebec","13-02-2021",0,0
"Quebec","14-02-2021",0,0
"Quebec","15-02-2021",0,0
"Quebec","16-02-2021",0,0
"Quebec","17-02-2021",0,0
"Quebec","18-02-2021",0,0
"Quebec","19-02-2021",0,0
"Quebec","20-02-2021",0,0
"Quebec","21-02-2021",0,0
"Quebec","22-02-2021",0,0
"Quebec","23-02-2021",0,0
"Quebec","24-02-2021",0,0
"Quebec","25-02-2021",0,0
"Quebec","26-02-2021",0,0
"Quebec","27-02-2021",0,0
"Quebec","28-02-2021",0,0
"Quebec","01-03-2021",0,0
"Quebec","02-03-2021",0,0
"Quebec","03-03-2021",0,0
"Quebec","04-03-2021",0,0
"Quebec","05-03-2021",0,0
"Quebec","06-03-2021",0,0
"Quebec","07-03-2021",0,0
"Quebec","08-03-2021",0,0
"Quebec","09-03-2021",0,0
"Quebec","10-03-2021",0,0
"Quebec","11-03-2021",0,0
"Quebec","12-03-2021",0,0
"Quebec","13-03-2021",0,0
"Quebec","14-03-2021",0,0
"Quebec","15-03-2021",0,0
"Quebec","16-03-2021",0,0
"Quebec","17-03-2021",0,0
"Quebec","18-03-2021",0,0
"Quebec","19-03-2021",0,0
"Quebec","20-03-2021",0,0
"Quebec","21-03-2021",0,0
"Quebec","22-03-2021",0,0
"Quebec","23-03-2021",0,0
"Quebec","24-03-2021",0,0
"Quebec","25-03-2021",0,0
"Quebec","26-03-2021",0,0
"Quebec","27-03-2021",0,0
"Quebec","28-03-2021",0,0
"Quebec","29-03-2021",0,0
"Quebec","30-03-2021",0,0
"Quebec","31-03-2021",0,0
"Quebec","01-04-2021",0,0
"Quebec","02-04-2021",0,0
"Quebec","03-04-2021",0,0
"Quebec","04-04-2021",0,0
"Quebec","05-04-2021",0,0
"Quebec","06-04-2021",0,0
"Quebec","07-04-2021",0,0
"Quebec","08-04-2021",0,0
"Quebec","09-04-2021",0,0
"Quebec","10-04-2021",0,0
"Quebec","11-04-2021",0,0
"Quebec","12-04-2021",0,0
"Quebec","13-04-2021",0,0
"Quebec","14-04-2021",0,0
"Quebec","15-04-2021",0,0
"Quebec","16-04-2021",24994,24994
"Quebec","17-04-2021",3006,28000
"Quebec","18-04-2021",3000,31000
"Quebec","19-04-2021",1000,32000
"Quebec","20-04-2021",2414,34414
"Quebec","21-04-2021",2986,37400
"Quebec","22-04-2021",3899,41299
"Quebec","23-04-2021",3962,45261
"Quebec","24-04-2021",3849,49110
"Quebec","25-04-2021",3247,52357
"Quebec","26-04-2021",2023,54380
"Quebec","27-04-2021",4487,58867
"Quebec","28-04-2021",7346,66213
"Quebec","29-04-2021",10186,76399
"Quebec","30-04-2021",9459,85858
"Quebec","01-05-2021",11250,97108
"Quebec","02-05-2021",7790,104898
"Quebec","03-05-2021",4237,109135
"Quebec","04-05-2021",12889,122024
"Quebec","05-05-2021",9886,131910
"Quebec","06-05-2021",12006,143916
"Quebec","07-05-2021",12585,156501
"Quebec","08-05-2021",12530,169031
"Quebec","09-05-2021",6870,175901
"Quebec","10-05-2021",3345,179246
"Quebec","11-05-2021",8718,187964
"Quebec","12-05-2021",8628,196592
"Quebec","13-05-2021",13855,210447
"Quebec","14-05-2021",15092,225539
"Quebec","15-05-2021",13926,239465
"Quebec","16-05-2021",6576,246041
"Quebec","17-05-2021",2643,248684
"Quebec","18-05-2021",11918,260602
"Quebec","19-05-2021",11522,272124
"Quebec","20-05-2021",15258,287382
"Quebec","21-05-2021",15894,303276
"Quebec","22-05-2021",14230,317506
"Quebec","23-05-2021",5607,323113
"Quebec","24-05-2021",4755,327868
"Quebec","25-05-2021",12080,339948
"Quebec","26-05-2021",13812,353760
"Quebec","27-05-2021",16946,370706
"Quebec","28-05-2021",16903,387609
"Quebec","29-05-2021",14732,402341
"Quebec","30-05-2021",19665,422006
"Quebec","31-05-2021",15320,437326
"Quebec","01-06-2021",23660,460986
"Quebec","02-06-2021",20843,481829
"Quebec","03-06-2021",22017,503846
"Quebec","04-06-2021",22447,526293
"Quebec","05-06-2021",21124,547417
"Quebec","06-06-2021",14373,561790
"Quebec","07-06-2021",13593,575383
"Quebec","08-06-2021",30471,605854
"Quebec","09-06-2021",37040,642894
"Quebec","10-06-2021",56578,699472
"Quebec","11-06-2021",61810,761282
"Quebec","12-06-2021",69789,831071
"Quebec","13-06-2021",64897,895968
"Quebec","14-06-2021",55978,951946
"Quebec","15-06-2021",68889,1020835
"Quebec","16-06-2021",68870,1089705
"Quebec","17-06-2021",80957,1170662
"Quebec","18-06-2021",83672,1254334
"Quebec","19-06-2021",75623,1329957
"Quebec","20-06-2021",63243,1393200
"Quebec","21-06-2021",53432,1446632
"Quebec","22-06-2021",78893,1525525
"Quebec","23-06-2021",91615,1617140
"Quebec","24-06-2021",110548,1727688
"Quebec","25-06-2021",63697,1791385
"Quebec","26-06-2021",0,1791385
"Quebec","27-06-2021",0,1791385
"Quebec","28-06-2021",269320,2060705
"Quebec","29-06-2021",100062,2160767
"Quebec","30-06-2021",100632,2261399
"Quebec","01-07-2021",0,2261399
"Quebec","02-07-2021",205615,2467014
"Quebec","03-07-2021",0,2467014
"Quebec","04-07-2021",0,2467014
"Quebec","05-07-2021",247104,2714118
"Quebec","06-07-2021",92915,2807033
"Quebec","07-07-2021",99915,2906948
"Quebec","08-07-2021",107860,3014808
"Quebec","09-07-2021",114800,3129608
"Quebec","10-07-2021",0,3129608
"Quebec","11-07-2021",0,3129608
"Quebec","12-07-2021",246653,3376261
"Quebec","13-07-2021",82566,3458827
"Quebec","14-07-2021",85212,3544039
"Quebec","15-07-2021",96300,3640339
"Quebec","16-07-2021",93403,3733742
"Quebec","17-07-2021",0,3733742
"Quebec","18-07-2021",0,3733742
"Quebec","19-07-2021",213442,3947184
"Quebec","20-07-2021",77846,4025030
"Quebec","21-07-2021",93813,4118843
"Quebec","22-07-2021",97757,4216600
"Quebec","23-07-2021",88826,4305426
"Quebec","24-07-2021",0,4305426
"Quebec","25-07-2021",0,4305426
"Quebec","26-07-2021",206422,4511848
"Quebec","27-07-2021",69575,4581423
"Quebec","28-07-2021",65904,4647327
"Quebec","29-07-2021",64469,4711796
"Quebec","30-07-2021",61571,4773367
"Quebec","31-07-2021",0,4773367
"Quebec","01-08-2021",0,4773367
"Quebec","02-08-2021",163812,4937179
"Quebec","03-08-2021",43491,4980670
"Quebec","04-08-2021",43567,5024237
"Quebec","05-08-2021",41805,5066042
"Quebec","06-08-2021",45480,5111522
"Quebec","07-08-2021",50558,5162080
"Quebec","08-08-2021",40291,5202371
"Quebec","09-08-2021",25162,5227533
"Quebec","10-08-2021",35219,5262752
"Quebec","11-08-2021",30136,5292888
"Quebec","12-08-2021",35026,5327914
"Quebec","13-08-2021",38480,5366394
"Quebec","14-08-2021",47827,5414221
"Quebec","15-08-2021",46365,5460586
"Quebec","16-08-2021",31089,5491675
"Quebec","17-08-2021",35998,5527673
"Quebec","18-08-2021",35174,5562847
"Quebec","19-08-2021",36422,5599269
"Quebec","20-08-2021",33666,5632935
"Quebec","21-08-2021",39683,5672618
"Quebec","22-08-2021",32977,5705595
"Quebec","23-08-2021",23254,5728849
"Quebec","24-08-2021",26810,5755659
"Quebec","25-08-2021",22202,5777861
"Quebec","26-08-2021",25393,5803254
"Quebec","27-08-2021",27113,5830367
"Quebec","28-08-2021",28532,5858899
"Quebec","29-08-2021",25806,5884705
"Quebec","30-08-2021",16200,5900905
"Quebec","31-08-2021",19001,5919906
"Quebec","01-09-2021",20875,5940781
"Quebec","02-09-2021",17253,5958034
"Quebec","03-09-2021",21671,5979705
"Quebec","04-09-2021",21607,6001312
"Quebec","05-09-2021",19515,6020827
"Quebec","06-09-2021",10721,6031548
"Quebec","07-09-2021",9205,6040753
"Quebec","08-09-2021",14921,6055674
"Quebec","09-09-2021",18172,6073846
"Quebec","10-09-2021",19209,6093055
"Quebec","11-09-2021",19265,6112320
"Quebec","12-09-2021",17943,6130263
"Quebec","13-09-2021",10293,6140556
"Quebec","14-09-2021",10715,6151271
"Quebec","15-09-2021",10869,6162140
"Quebec","16-09-2021",13980,6176120
"Quebec","17-09-2021",15274,6191394
"Quebec","18-09-2021",15415,6206809
"Quebec","19-09-2021",13843,6220652
"Quebec","20-09-2021",6437,6227089
"Quebec","21-09-2021",7333,6234422
"Quebec","22-09-2021",7806,6242228
"Quebec","23-09-2021",11566,6253794
"Quebec","24-09-2021",13379,6267173
"Quebec","25-09-2021",12805,6279978
"Quebec","26-09-2021",12123,6292101
"Quebec","27-09-2021",5389,6297490
"Quebec","28-09-2021",4826,6302316
"Quebec","29-09-2021",7266,6309582
"Quebec","30-09-2021",10142,6319724
"Quebec","01-10-2021",12150,6331874
"Quebec","02-10-2021",10514,6342388
"Quebec","03-10-2021",9528,6351916
"Quebec","04-10-2021",4771,6356687
"Quebec","05-10-2021",4588,6361275
"Quebec","06-10-2021",6365,6367640
"Quebec","07-10-2021",9004,6376644
"Quebec","08-10-2021",11274,6387918
"Quebec","09-10-2021",10642,6398560
"Quebec","10-10-2021",9408,6407968
"Quebec","11-10-2021",4234,6412202
"Quebec","12-10-2021",3303,6415505
"Quebec","13-10-2021",6362,6421867
"Quebec","14-10-2021",7875,6429742
"Quebec","15-10-2021",8333,6438075
"Quebec","16-10-2021",8825,6446900
"Quebec","17-10-2021",8320,6455220
"Quebec","18-10-2021",3257,6458477
"Quebec","19-10-2021",3825,6462302
"Quebec","20-10-2021",4786,6467088
"Quebec","21-10-2021",6607,6473695
"Quebec","22-10-2021",6942,6480637
"Quebec","23-10-2021",7155,6487792
"Quebec","24-10-2021",6375,6494167
"Quebec","25-10-2021",2632,6496799
"Quebec","26-10-2021",3051,6499850
"Quebec","27-10-2021",4078,6503928
"Quebec","28-10-2021",5685,6509613
"Quebec","29-10-2021",5979,6515592
"Quebec","30-10-2021",5972,6521564
"Quebec","31-10-2021",5215,6526779
"Quebec","01-11-2021",1962,6528741
"Quebec","02-11-2021",2726,6531467
"Quebec","03-11-2021",2862,6534329
"Quebec","04-11-2021",4009,6538338
"Quebec","05-11-2021",5523,6543861
"Quebec","06-11-2021",4793,6548654
"Quebec","07-11-2021",4340,6552994
"Quebec","08-11-2021",2356,6555350
"Quebec","09-11-2021",2222,6557572
"Quebec","10-11-2021",3058,6560630
"Quebec","11-11-2021",4416,6565046
"Quebec","12-11-2021",4841,6569887
"Quebec","13-11-2021",4601,6574488
"Quebec","14-11-2021",4606,6579094
"Quebec","15-11-2021",2344,6581438
"Quebec","16-11-2021",2477,6583915
"Quebec","17-11-2021",2503,6586418
"Quebec","18-11-2021",3734,6590152
"Quebec","19-11-2021",4213,6594365
"Quebec","20-11-2021",3960,6598325
"Quebec","21-11-2021",3846,6602171
"Quebec","22-11-2021",2015,6604186
"Quebec","23-11-2021",2093,6606279
"Quebec","24-11-2021",2266,6608545
"Quebec","25-11-2021",3150,6611695
"Quebec","26-11-2021",4031,6615726
"Quebec","27-11-2021",3385,6619111
"Quebec","28-11-2021",2530,6621641
"Quebec","29-11-2021",1400,6623041
"Quebec","30-11-2021",1917,6624958
"Quebec","01-12-2021",2059,6627017
"Quebec","02-12-2021",2351,6629368
"Quebec","03-12-2021",2666,6632034
"Quebec","04-12-2021",2547,6634581
"Quebec","05-12-2021",2276,6636857
"Quebec","06-12-2021",1263,6638120
"Saskatchewan","12-01-2021",1449,1449
"Saskatchewan","13-01-2021",0,1449
"Saskatchewan","14-01-2021",303,1752
"Saskatchewan","15-01-2021",0,1752
"Saskatchewan","16-01-2021",0,1752
"Saskatchewan","17-01-2021",0,1752
"Saskatchewan","18-01-2021",0,1752
"Saskatchewan","19-01-2021",428,2180
"Saskatchewan","20-01-2021",412,2592
"Saskatchewan","21-01-2021",462,3054
"Saskatchewan","22-01-2021",361,3415
"Saskatchewan","23-01-2021",1,3416
"Saskatchewan","24-01-2021",148,3564
"Saskatchewan","25-01-2021",149,3713
"Saskatchewan","26-01-2021",0,3713
"Saskatchewan","27-01-2021",467,4180
"Saskatchewan","28-01-2021",170,4350
"Saskatchewan","29-01-2021",221,4571
"Saskatchewan","30-01-2021",66,4637
"Saskatchewan","31-01-2021",0,4637
"Saskatchewan","01-02-2021",173,4810
"Saskatchewan","02-02-2021",73,4883
"Saskatchewan","03-02-2021",156,5039
"Saskatchewan","04-02-2021",608,5647
"Saskatchewan","05-02-2021",953,6600
"Saskatchewan","06-02-2021",1557,8157
"Saskatchewan","07-02-2021",0,8157
"Saskatchewan","08-02-2021",224,8381
"Saskatchewan","09-02-2021",694,9075
"Saskatchewan","10-02-2021",593,9668
"Saskatchewan","11-02-2021",700,10368
"Saskatchewan","12-02-2021",445,10813
"Saskatchewan","13-02-2021",1597,12410
"Saskatchewan","14-02-2021",1017,13427
"Saskatchewan","15-02-2021",0,13427
"Saskatchewan","16-02-2021",169,13596
"Saskatchewan","17-02-2021",417,14013
"Saskatchewan","18-02-2021",67,14080
"Saskatchewan","19-02-2021",1396,15476
"Saskatchewan","20-02-2021",2269,17745
"Saskatchewan","21-02-2021",1065,18810
"Saskatchewan","22-02-2021",546,19356
"Saskatchewan","23-02-2021",439,19795
"Saskatchewan","24-02-2021",549,20344
"Saskatchewan","25-02-2021",937,21281
"Saskatchewan","26-02-2021",1204,22485
"Saskatchewan","27-02-2021",2106,24591
"Saskatchewan","28-02-2021",1827,26418
"Saskatchewan","01-03-2021",340,26758
"Saskatchewan","02-03-2021",260,27018
"Saskatchewan","03-03-2021",384,27402
"Saskatchewan","04-03-2021",410,27812
"Saskatchewan","05-03-2021",133,27945
"Saskatchewan","06-03-2021",61,28006
"Saskatchewan","07-03-2021",5,28011
"Saskatchewan","08-03-2021",11,28022
"Saskatchewan","09-03-2021",3,28025
"Saskatchewan","10-03-2021",28,28053
"Saskatchewan","11-03-2021",54,28107
"Saskatchewan","12-03-2021",664,28771
"Saskatchewan","13-03-2021",258,29029
"Saskatchewan","14-03-2021",8,29037
"Saskatchewan","15-03-2021",0,29037
"Saskatchewan","16-03-2021",172,29209
"Saskatchewan","17-03-2021",388,29597
"Saskatchewan","18-03-2021",607,30204
"Saskatchewan","19-03-2021",0,30204
"Saskatchewan","20-03-2021",958,31162
"Saskatchewan","21-03-2021",8,31170
"Saskatchewan","22-03-2021",100,31270
"Saskatchewan","23-03-2021",195,31465
"Saskatchewan","24-03-2021",61,31526
"Saskatchewan","25-03-2021",733,32259
"Saskatchewan","26-03-2021",2734,34993
"Saskatchewan","27-03-2021",1501,36494
"Saskatchewan","28-03-2021",587,37081
"Saskatchewan","29-03-2021",144,37225
"Saskatchewan","30-03-2021",20,37245
"Saskatchewan","31-03-2021",73,37318
"Saskatchewan","01-04-2021",640,37958
"Saskatchewan","02-04-2021",422,38380
"Saskatchewan","03-04-2021",739,39119
"Saskatchewan","04-04-2021",0,39119
"Saskatchewan","05-04-2021",29,39148
"Saskatchewan","06-04-2021",10,39158
"Saskatchewan","07-04-2021",161,39319
"Saskatchewan","08-04-2021",111,39430
"Saskatchewan","09-04-2021",820,40250
"Saskatchewan","10-04-2021",347,40597
"Saskatchewan","11-04-2021",537,41134
"Saskatchewan","12-04-2021",340,41474
"Saskatchewan","13-04-2021",347,41821
"Saskatchewan","14-04-2021",171,41992
"Saskatchewan","15-04-2021",233,42225
"Saskatchewan","16-04-2021",298,42523
"Saskatchewan","17-04-2021",0,42523
"Saskatchewan","18-04-2021",348,42871
"Saskatchewan","19-04-2021",22,42893
"Saskatchewan","20-04-2021",57,42950
"Saskatchewan","21-04-2021",88,43038
"Saskatchewan","22-04-2021",104,43142
"Saskatchewan","23-04-2021",127,43269
"Saskatchewan","24-04-2021",169,43438
"Saskatchewan","25-04-2021",93,43531
"Saskatchewan","26-04-2021",34,43565
"Saskatchewan","27-04-2021",60,43625
"Saskatchewan","28-04-2021",66,43691
"Saskatchewan","29-04-2021",309,44000
"Saskatchewan","30-04-2021",162,44162
"Saskatchewan","01-05-2021",162,44324
"Saskatchewan","02-05-2021",162,44486
"Saskatchewan","03-05-2021",41,44527
"Saskatchewan","04-05-2021",509,45036
"Saskatchewan","05-05-2021",157,45193
"Saskatchewan","06-05-2021",226,45419
"Saskatchewan","07-05-2021",236,45655
"Saskatchewan","08-05-2021",367,46022
"Saskatchewan","09-05-2021",255,46277
"Saskatchewan","10-05-2021",116,46393
"Saskatchewan","11-05-2021",195,46588
"Saskatchewan","12-05-2021",182,46770
"Saskatchewan","13-05-2021",678,47448
"Saskatchewan","14-05-2021",310,47758
"Saskatchewan","15-05-2021",506,48264
"Saskatchewan","16-05-2021",345,48609
"Saskatchewan","17-05-2021",203,48812
"Saskatchewan","18-05-2021",196,49008
"Saskatchewan","19-05-2021",1333,50341
"Saskatchewan","20-05-2021",1218,51559
"Saskatchewan","21-05-2021",1874,53433
"Saskatchewan","22-05-2021",2428,55861
"Saskatchewan","23-05-2021",1418,57279
"Saskatchewan","24-05-2021",901,58180
"Saskatchewan","25-05-2021",77,58257
"Saskatchewan","26-05-2021",936,59193
"Saskatchewan","27-05-2021",3403,62596
"Saskatchewan","28-05-2021",5127,67723
"Saskatchewan","29-05-2021",5095,72818
"Saskatchewan","30-05-2021",4949,77767
"Saskatchewan","31-05-2021",5450,83217
"Saskatchewan","01-06-2021",3509,86726
"Saskatchewan","02-06-2021",6301,93027
"Saskatchewan","03-06-2021",9148,102175
"Saskatchewan","04-06-2021",10567,112742
"Saskatchewan","05-06-2021",9851,122593
"Saskatchewan","06-06-2021",9122,131715
"Saskatchewan","07-06-2021",6325,138040
"Saskatchewan","08-06-2021",5464,143504
"Saskatchewan","09-06-2021",9860,153364
"Saskatchewan","10-06-2021",13460,166824
"Saskatchewan","11-06-2021",11585,178409
"Saskatchewan","12-06-2021",13399,191808
"Saskatchewan","13-06-2021",11766,203574
"Saskatchewan","14-06-2021",8219,211793
"Saskatchewan","15-06-2021",5719,217512
"Saskatchewan","16-06-2021",9844,227356
"Saskatchewan","17-06-2021",12404,239760
"Saskatchewan","18-06-2021",19239,258999
"Saskatchewan","19-06-2021",16327,275326
"Saskatchewan","20-06-2021",13553,288879
"Saskatchewan","21-06-2021",725,289604
"Saskatchewan","22-06-2021",5598,295202
"Saskatchewan","23-06-2021",16761,311963
"Saskatchewan","24-06-2021",22552,334515
"Saskatchewan","25-06-2021",18771,353286
"Saskatchewan","26-06-2021",21098,374384
"Saskatchewan","27-06-2021",20390,394774
"Saskatchewan","28-06-2021",11414,406188
"Saskatchewan","29-06-2021",7700,413888
"Saskatchewan","30-06-2021",15644,429532
"Saskatchewan","01-07-2021",17910,447442
"Saskatchewan","02-07-2021",18932,466374
"Saskatchewan","03-07-2021",7660,474034
"Saskatchewan","04-07-2021",12166,486200
"Saskatchewan","05-07-2021",7871,494071
"Saskatchewan","06-07-2021",7393,501464
"Saskatchewan","07-07-2021",12001,513465
"Saskatchewan","08-07-2021",11535,525000
"Saskatchewan","09-07-2021",10878,535878
"Saskatchewan","10-07-2021",13659,549537
"Saskatchewan","11-07-2021",8904,558441
"Saskatchewan","12-07-2021",4767,563208
"Saskatchewan","13-07-2021",1952,565160
"Saskatchewan","14-07-2021",5103,570263
"Saskatchewan","15-07-2021",6420,576683
"Saskatchewan","16-07-2021",9279,585962
"Saskatchewan","17-07-2021",7857,593819
"Saskatchewan","18-07-2021",5473,599292
"Saskatchewan","19-07-2021",2243,601535
"Saskatchewan","20-07-2021",2184,603719
"Saskatchewan","21-07-2021",4302,608021
"Saskatchewan","22-07-2021",5811,613832
"Saskatchewan","23-07-2021",6612,620444
"Saskatchewan","24-07-2021",5500,625944
"Saskatchewan","25-07-2021",3841,629785
"Saskatchewan","26-07-2021",2036,631821
"Saskatchewan","27-07-2021",1443,633264
"Saskatchewan","28-07-2021",3580,636844
"Saskatchewan","29-07-2021",4813,641657
"Saskatchewan","30-07-2021",4263,645920
"Saskatchewan","31-07-2021",4180,650100
"Saskatchewan","01-08-2021",3213,653313
"Saskatchewan","02-08-2021",1196,654509
"Saskatchewan","03-08-2021",574,655083
"Saskatchewan","04-08-2021",769,655852
"Saskatchewan","05-08-2021",2899,658751
"Saskatchewan","06-08-2021",2794,661545
"Saskatchewan","07-08-2021",2599,664144
"Saskatchewan","08-08-2021",1907,666051
"Saskatchewan","09-08-2021",880,666931
"Saskatchewan","10-08-2021",625,667556
"Saskatchewan","11-08-2021",1370,668926
"Saskatchewan","12-08-2021",1985,670911
"Saskatchewan","13-08-2021",1792,672703
"Saskatchewan","14-08-2021",1796,674499
"Saskatchewan","15-08-2021",1566,676065
"Saskatchewan","16-08-2021",774,676839
"Saskatchewan","17-08-2021",359,677198
"Saskatchewan","18-08-2021",1307,678505
"Saskatchewan","19-08-2021",1892,680397
"Saskatchewan","20-08-2021",991,681388
"Saskatchewan","21-08-2021",2635,684023
"Saskatchewan","22-08-2021",1380,685403
"Saskatchewan","23-08-2021",0,685403
"Saskatchewan","24-08-2021",895,686298
"Saskatchewan","25-08-2021",1210,687508
"Saskatchewan","26-08-2021",1499,689007
"Saskatchewan","27-08-2021",1684,690691
"Saskatchewan","28-08-2021",1622,692313
"Saskatchewan","29-08-2021",1410,693723
"Saskatchewan","30-08-2021",722,694445
"Saskatchewan","31-08-2021",359,694804
"Saskatchewan","01-09-2021",1019,695823
"Saskatchewan","02-09-2021",1748,697571
"Saskatchewan","03-09-2021",1542,699113
"Saskatchewan","04-09-2021",1480,700593
"Saskatchewan","05-09-2021",1379,701972
"Saskatchewan","06-09-2021",623,702595
"Saskatchewan","07-09-2021",161,702756
"Saskatchewan","08-09-2021",201,702957
"Saskatchewan","09-09-2021",1231,704188
"Saskatchewan","10-09-2021",1587,705775
"Saskatchewan","11-09-2021",1498,707273
"Saskatchewan","12-09-2021",1413,708686
"Saskatchewan","13-09-2021",839,709525
"Saskatchewan","14-09-2021",390,709915
"Saskatchewan","15-09-2021",1101,711016
"Saskatchewan","16-09-2021",1338,712354
"Saskatchewan","17-09-2021",1727,714081
"Saskatchewan","18-09-2021",1917,715998
"Saskatchewan","19-09-2021",1873,717871
"Saskatchewan","20-09-2021",1101,718972
"Saskatchewan","21-09-2021",420,719392
"Saskatchewan","22-09-2021",1592,720984
"Saskatchewan","23-09-2021",2097,723081
"Saskatchewan","24-09-2021",2156,725237
"Saskatchewan","25-09-2021",2120,727357
"Saskatchewan","26-09-2021",1740,729097
"Saskatchewan","27-09-2021",1074,730171
"Saskatchewan","28-09-2021",289,730460
"Saskatchewan","29-09-2021",1551,732011
"Saskatchewan","30-09-2021",2149,734160
"Saskatchewan","01-10-2021",2430,736590
"Saskatchewan","02-10-2021",1963,738553
"Saskatchewan","03-10-2021",2620,741173
"Saskatchewan","04-10-2021",1217,742390
"Saskatchewan","05-10-2021",821,743211
"Saskatchewan","06-10-2021",1781,744992
"Saskatchewan","07-10-2021",2024,747016
"Saskatchewan","08-10-2021",2172,749188
"Saskatchewan","09-10-2021",2717,751905
"Saskatchewan","10-10-2021",2807,754712
"Saskatchewan","11-10-2021",1162,755874
"Saskatchewan","12-10-2021",275,756149
"Saskatchewan","13-10-2021",1617,757766
"Saskatchewan","14-10-2021",1816,759582
"Saskatchewan","15-10-2021",2306,761888
"Saskatchewan","16-10-2021",2510,764398
"Saskatchewan","17-10-2021",2396,766794
"Saskatchewan","18-10-2021",1389,768183
"Saskatchewan","19-10-2021",732,768915
"Saskatchewan","20-10-2021",1877,770792
"Saskatchewan","21-10-2021",2415,773207
"Saskatchewan","22-10-2021",2734,775941
"Saskatchewan","23-10-2021",2735,778676
"Saskatchewan","24-10-2021",2673,781349
"Saskatchewan","25-10-2021",1345,782694
"Saskatchewan","26-10-2021",650,783344
"Saskatchewan","27-10-2021",2033,785377
"Saskatchewan","28-10-2021",2446,787823
"Saskatchewan","29-10-2021",2698,790521
"Saskatchewan","30-10-2021",3165,793686
"Saskatchewan","31-10-2021",2489,796175
"Saskatchewan","01-11-2021",1522,797697
"Saskatchewan","02-11-2021",672,798369
"Saskatchewan","03-11-2021",1662,800031
"Saskatchewan","04-11-2021",2345,802376
"Saskatchewan","05-11-2021",2383,804759
"Saskatchewan","06-11-2021",2560,807319
"Saskatchewan","07-11-2021",2110,809429
"Saskatchewan","08-11-2021",1244,810673
"Saskatchewan","09-11-2021",637,811310
"Saskatchewan","10-11-2021",1668,812978
"Saskatchewan","11-11-2021",2049,815027
"Saskatchewan","12-11-2021",1934,816961
"Saskatchewan","13-11-2021",557,817518
"Saskatchewan","14-11-2021",1552,819070
"Saskatchewan","15-11-2021",775,819845
"Saskatchewan","16-11-2021",373,820218
"Saskatchewan","17-11-2021",1441,821659
"Saskatchewan","18-11-2021",1095,822754
"Saskatchewan","19-11-2021",1514,824268
"Saskatchewan","20-11-2021",1863,826131
"Saskatchewan","21-11-2021",1395,827526
"Saskatchewan","22-11-2021",774,828300
"Saskatchewan","23-11-2021",376,828676
"Saskatchewan","24-11-2021",1013,829689
"Saskatchewan","25-11-2021",1379,831068
"Saskatchewan","26-11-2021",1443,832511
"Saskatchewan","27-11-2021",1284,833795
"Saskatchewan","28-11-2021",890,834685
"Saskatchewan","29-11-2021",496,835181
"Saskatchewan","30-11-2021",186,835367
"Saskatchewan","01-12-2021",697,836064
"Saskatchewan","02-12-2021",1134,837198
"Saskatchewan","03-12-2021",1091,838289
"Saskatchewan","04-12-2021",1070,839359
"Saskatchewan","05-12-2021",777,840136
"Saskatchewan","06-12-2021",369,840505
"Yukon","12-01-2021",0,0
"Yukon","13-01-2021",0,0
"Yukon","14-01-2021",0,0
"Yukon","15-01-2021",0,0
"Yukon","16-01-2021",0,0
"Yukon","17-01-2021",0,0
"Yukon","18-01-2021",0,0
"Yukon","19-01-2021",0,0
"Yukon","20-01-2021",0,0
"Yukon","21-01-2021",0,0
"Yukon","22-01-2021",0,0
"Yukon","23-01-2021",0,0
"Yukon","24-01-2021",0,0
"Yukon","25-01-2021",0,0
"Yukon","26-01-2021",0,0
"Yukon","27-01-2021",0,0
"Yukon","28-01-2021",0,0
"Yukon","29-01-2021",0,0
"Yukon","30-01-2021",0,0
"Yukon","31-01-2021",0,0
"Yukon","01-02-2021",0,0
"Yukon","02-02-2021",0,0
"Yukon","03-02-2021",0,0
"Yukon","04-02-2021",0,0
"Yukon","05-02-2021",0,0
"Yukon","06-02-2021",0,0
"Yukon","07-02-2021",0,0
"Yukon","08-02-2021",0,0
"Yukon","09-02-2021",0,0
"Yukon","10-02-2021",741,741
"Yukon","11-02-2021",89,830
"Yukon","12-02-2021",79,909
"Yukon","13-02-2021",0,909
"Yukon","14-02-2021",0,909
"Yukon","15-02-2021",0,909
"Yukon","16-02-2021",0,909
"Yukon","17-02-2021",0,909
"Yukon","18-02-2021",8,917
"Yukon","19-02-2021",306,1223
"Yukon","20-02-2021",0,1223
"Yukon","21-02-2021",0,1223
"Yukon","22-02-2021",298,1521
"Yukon","23-02-2021",1217,2738
"Yukon","24-02-2021",845,3583
"Yukon","25-02-2021",726,4309
"Yukon","26-02-2021",0,4309
"Yukon","27-02-2021",0,4309
"Yukon","28-02-2021",0,4309
"Yukon","01-03-2021",593,4902
"Yukon","02-03-2021",763,5665
"Yukon","03-03-2021",692,6357
"Yukon","04-03-2021",0,6357
"Yukon","05-03-2021",736,7093
"Yukon","06-03-2021",733,7826
"Yukon","07-03-2021",0,7826
"Yukon","08-03-2021",894,8720
"Yukon","09-03-2021",120,8840
"Yukon","10-03-2021",367,9207
"Yukon","11-03-2021",46,9253
"Yukon","12-03-2021",0,9253
"Yukon","13-03-2021",552,9805
"Yukon","14-03-2021",0,9805
"Yukon","15-03-2021",710,10515
"Yukon","16-03-2021",28,10543
"Yukon","17-03-2021",26,10569
"Yukon","18-03-2021",0,10569
"Yukon","19-03-2021",0,10569
"Yukon","20-03-2021",29,10598
"Yukon","21-03-2021",0,10598
"Yukon","22-03-2021",32,10630
"Yukon","23-03-2021",18,10648
"Yukon","24-03-2021",41,10689
"Yukon","25-03-2021",0,10689
"Yukon","26-03-2021",102,10791
"Yukon","27-03-2021",0,10791
"Yukon","28-03-2021",0,10791
"Yukon","29-03-2021",133,10924
"Yukon","30-03-2021",230,11154
"Yukon","31-03-2021",162,11316
"Yukon","01-04-2021",0,11316
"Yukon","02-04-2021",276,11592
"Yukon","03-04-2021",0,11592
"Yukon","04-04-2021",0,11592
"Yukon","05-04-2021",0,11592
"Yukon","06-04-2021",1647,13239
"Yukon","07-04-2021",573,13812
"Yukon","08-04-2021",0,13812
"Yukon","09-04-2021",695,14507
"Yukon","10-04-2021",836,15343
"Yukon","11-04-2021",0,15343
"Yukon","12-04-2021",1630,16973
"Yukon","13-04-2021",680,17653
"Yukon","14-04-2021",442,18095
"Yukon","15-04-2021",481,18576
"Yukon","16-04-2021",549,19125
"Yukon","17-04-2021",0,19125
"Yukon","18-04-2021",0,19125
"Yukon","19-04-2021",1201,20326
"Yukon","20-04-2021",429,20755
"Yukon","21-04-2021",0,20755
"Yukon","22-04-2021",430,21185
"Yukon","23-04-2021",174,21359
"Yukon","24-04-2021",0,21359
"Yukon","25-04-2021",0,21359
"Yukon","26-04-2021",448,21807
"Yukon","27-04-2021",225,22032
"Yukon","28-04-2021",122,22154
"Yukon","29-04-2021",120,22274
"Yukon","30-04-2021",129,22403
"Yukon","01-05-2021",0,22403
"Yukon","02-05-2021",0,22403
"Yukon","03-05-2021",254,22657
"Yukon","04-05-2021",0,22657
"Yukon","05-05-2021",191,22848
"Yukon","06-05-2021",79,22927
"Yukon","07-05-2021",121,23048
"Yukon","08-05-2021",0,23048
"Yukon","09-05-2021",0,23048
"Yukon","10-05-2021",205,23253
"Yukon","11-05-2021",0,23253
"Yukon","12-05-2021",239,23492
"Yukon","13-05-2021",0,23492
"Yukon","14-05-2021",181,23673
"Yukon","15-05-2021",0,23673
"Yukon","16-05-2021",0,23673
"Yukon","17-05-2021",172,23845
"Yukon","18-05-2021",0,23845
"Yukon","19-05-2021",251,24096
"Yukon","20-05-2021",57,24153
"Yukon","21-05-2021",101,24254
"Yukon","22-05-2021",0,24254
"Yukon","23-05-2021",0,24254
"Yukon","24-05-2021",0,24254
"Yukon","25-05-2021",181,24435
"Yukon","26-05-2021",144,24579
"Yukon","27-05-2021",112,24691
"Yukon","28-05-2021",72,24763
"Yukon","29-05-2021",0,24763
"Yukon","30-05-2021",0,24763
"Yukon","31-05-2021",174,24937
"Yukon","01-06-2021",0,24937
"Yukon","02-06-2021",112,25049
"Yukon","03-06-2021",89,25138
"Yukon","04-06-2021",114,25252
"Yukon","05-06-2021",0,25252
"Yukon","06-06-2021",0,25252
"Yukon","07-06-2021",187,25439
"Yukon","08-06-2021",0,25439
"Yukon","09-06-2021",110,25549
"Yukon","10-06-2021",151,25700
"Yukon","11-06-2021",89,25789
"Yukon","12-06-2021",0,25789
"Yukon","13-06-2021",0,25789
"Yukon","14-06-2021",0,25789
"Yukon","15-06-2021",173,25962
"Yukon","16-06-2021",173,26135
"Yukon","17-06-2021",127,26262
"Yukon","18-06-2021",0,26262
"Yukon","19-06-2021",153,26415
"Yukon","20-06-2021",0,26415
"Yukon","21-06-2021",0,26415
"Yukon","22-06-2021",0,26415
"Yukon","23-06-2021",413,26828
"Yukon","24-06-2021",0,26828
"Yukon","25-06-2021",227,27055
"Yukon","26-06-2021",0,27055
"Yukon","27-06-2021",0,27055
"Yukon","28-06-2021",0,27055
"Yukon","29-06-2021",0,27055
"Yukon","30-06-2021",862,27917
"Yukon","01-07-2021",0,27917
"Yukon","02-07-2021",0,27917
"Yukon","03-07-2021",0,27917
"Yukon","04-07-2021",0,27917
"Yukon","05-07-2021",0,27917
"Yukon","06-07-2021",261,28178
"Yukon","07-07-2021",402,28580
"Yukon","08-07-2021",0,28580
"Yukon","09-07-2021",491,29071
"Yukon","10-07-2021",0,29071
"Yukon","11-07-2021",0,29071
"Yukon","12-07-2021",0,29071
"Yukon","13-07-2021",282,29353
"Yukon","14-07-2021",0,29353
"Yukon","15-07-2021",0,29353
"Yukon","16-07-2021",268,29621
"Yukon","17-07-2021",0,29621
"Yukon","18-07-2021",0,29621
"Yukon","19-07-2021",231,29852
"Yukon","20-07-2021",0,29852
"Yukon","21-07-2021",0,29852
"Yukon","22-07-2021",264,30116
"Yukon","23-07-2021",83,30199
"Yukon","24-07-2021",0,30199
"Yukon","25-07-2021",0,30199
"Yukon","26-07-2021",167,30366
"Yukon","27-07-2021",0,30366
"Yukon","28-07-2021",45,30411
"Yukon","29-07-2021",122,30533
"Yukon","30-07-2021",0,30533
"Yukon","31-07-2021",0,30533
"Yukon","01-08-2021",0,30533
"Yukon","02-08-2021",190,30723
"Yukon","03-08-2021",0,30723
"Yukon","04-08-2021",0,30723
"Yukon","05-08-2021",198,30921
"Yukon","06-08-2021",0,30921
"Yukon","07-08-2021",0,30921
"Yukon","08-08-2021",0,30921
"Yukon","09-08-2021",181,31102
"Yukon","10-08-2021",0,31102
"Yukon","11-08-2021",0,31102
"Yukon","12-08-2021",157,31259
"Yukon","13-08-2021",0,31259
"Yukon","14-08-2021",0,31259
"Yukon","15-08-2021",0,31259
"Yukon","16-08-2021",0,31259
"Yukon","17-08-2021",94,31353
"Yukon","18-08-2021",0,31353
"Yukon","19-08-2021",149,31502
"Yukon","20-08-2021",0,31502
"Yukon","21-08-2021",0,31502
"Yukon","22-08-2021",0,31502
"Yukon","23-08-2021",0,31502
"Yukon","24-08-2021",112,31614
"Yukon","25-08-2021",0,31614
"Yukon","26-08-2021",0,31614
"Yukon","27-08-2021",234,31848
"Yukon","28-08-2021",0,31848
"Yukon","29-08-2021",0,31848
"Yukon","30-08-2021",0,31848
"Yukon","31-08-2021",14,31862
"Yukon","01-09-2021",45,31907
"Yukon","02-09-2021",0,31907
"Yukon","03-09-2021",70,31977
"Yukon","04-09-2021",0,31977
"Yukon","05-09-2021",0,31977
"Yukon","06-09-2021",0,31977
"Yukon","07-09-2021",24,32001
"Yukon","08-09-2021",50,32051
"Yukon","09-09-2021",0,32051
"Yukon","10-09-2021",89,32140
"Yukon","11-09-2021",0,32140
"Yukon","12-09-2021",0,32140
"Yukon","13-09-2021",50,32190
"Yukon","14-09-2021",0,32190
"Yukon","15-09-2021",49,32239
"Yukon","16-09-2021",0,32239
"Yukon","17-09-2021",0,32239
"Yukon","18-09-2021",0,32239
"Yukon","19-09-2021",0,32239
"Yukon","20-09-2021",88,32327
"Yukon","21-09-2021",0,32327
"Yukon","22-09-2021",48,32375
"Yukon","23-09-2021",0,32375
"Yukon","24-09-2021",86,32461
"Yukon","25-09-2021",0,32461
"Yukon","26-09-2021",0,32461
"Yukon","27-09-2021",19,32480
"Yukon","28-09-2021",0,32480
"Yukon","29-09-2021",0,32480
"Yukon","30-09-2021",0,32480
"Yukon","01-10-2021",0,32480
"Yukon","02-10-2021",0,32480
"Yukon","03-10-2021",0,32480
"Yukon","04-10-2021",123,32603
"Yukon","05-10-2021",0,32603
"Yukon","06-10-2021",8,32611
"Yukon","07-10-2021",0,32611
"Yukon","08-10-2021",34,32645
"Yukon","09-10-2021",0,32645
"Yukon","10-10-2021",0,32645
"Yukon","11-10-2021",0,32645
"Yukon","12-10-2021",0,32645
"Yukon","13-10-2021",39,32684
"Yukon","14-10-2021",0,32684
"Yukon","15-10-2021",62,32746
"Yukon","16-10-2021",0,32746
"Yukon","17-10-2021",0,32746
"Yukon","18-10-2021",48,32794
"Yukon","19-10-2021",0,32794
"Yukon","20-10-2021",0,32794
"Yukon","21-10-2021",0,32794
"Yukon","22-10-2021",85,32879
"Yukon","23-10-2021",0,32879
"Yukon","24-10-2021",0,32879
"Yukon","25-10-2021",123,33002
"Yukon","26-10-2021",0,33002
"Yukon","27-10-2021",42,33044
"Yukon","28-10-2021",0,33044
"Yukon","29-10-2021",38,33082
"Yukon","30-10-2021",0,33082
"Yukon","31-10-2021",0,33082
"Yukon","01-11-2021",26,33108
"Yukon","02-11-2021",0,33108
"Yukon","03-11-2021",25,33133
"Yukon","04-11-2021",0,33133
"Yukon","05-11-2021",37,33170
"Yukon","06-11-2021",0,33170
"Yukon","07-11-2021",0,33170
"Yukon","08-11-2021",0,33170
"Yukon","09-11-2021",0,33170
"Yukon","10-11-2021",57,33227
"Yukon","11-11-2021",0,33227
"Yukon","12-11-2021",0,33227
"Yukon","13-11-2021",0,33227
"Yukon","14-11-2021",0,33227
"Yukon","15-11-2021",62,33289
"Yukon","16-11-2021",0,33289
"Yukon","17-11-2021",53,33342
"Yukon","18-11-2021",0,33342
"Yukon","19-11-2021",58,33400
"Yukon","20-11-2021",0,33400
"Yukon","21-11-2021",0,33400
"Yukon","22-11-2021",49,33449
"Yukon","23-11-2021",0,33449
"Yukon","24-11-2021",110,33559
"Yukon","25-11-2021",0,33559
"Yukon","26-11-2021",72,33631
"Yukon","27-11-2021",0,33631
"Yukon","28-11-2021",0,33631
"Yukon","29-11-2021",1,33632
"Yukon","30-11-2021",0,33632
"Yukon","01-12-2021",126,33758
"Yukon","02-12-2021",0,33758
"Yukon","03-12-2021",46,33804
"Yukon","04-12-2021",0,33804
"Yukon","05-12-2021",0,33804
"Yukon","06-12-2021",64,33868
