"province","date_vaccine_administered","avaccine","cumulative_avaccine"
"Alberta","14-12-2020",0,0
"Alberta","15-12-2020",20,20
"Alberta","16-12-2020",0,20
"Alberta","17-12-2020",374,394
"Alberta","18-12-2020",0,394
"Alberta","19-12-2020",0,394
"Alberta","20-12-2020",1754,2148
"Alberta","21-12-2020",0,2148
"Alberta","22-12-2020",926,3074
"Alberta","23-12-2020",562,3636
"Alberta","24-12-2020",1075,4711
"Alberta","25-12-2020",0,4711
"Alberta","26-12-2020",0,4711
"Alberta","27-12-2020",0,4711
"Alberta","28-12-2020",1305,6016
"Alberta","29-12-2020",486,6502
"Alberta","30-12-2020",2042,8544
"Alberta","31-12-2020",2558,11102
"Alberta","01-01-2021",3142,14244
"Alberta","02-01-2021",3000,17244
"Alberta","03-01-2021",0,17244
"Alberta","04-01-2021",5617,22861
"Alberta","05-01-2021",3408,26269
"Alberta","06-01-2021",3764,30033
"Alberta","07-01-2021",3831,33864
"Alberta","08-01-2021",3822,37686
"Alberta","09-01-2021",4647,42333
"Alberta","10-01-2021",2661,44994
"Alberta","11-01-2021",1797,46791
"Alberta","12-01-2021",5527,52318
"Alberta","13-01-2021",5826,58144
"Alberta","14-01-2021",8809,66953
"Alberta","15-01-2021",7157,74110
"Alberta","16-01-2021",7451,81561
"Alberta","17-01-2021",4374,85935
"Alberta","18-01-2021",3879,89814
"Alberta","19-01-2021",2501,92315
"Alberta","20-01-2021",2928,95243
"Alberta","21-01-2021",1263,96506
"Alberta","22-01-2021",1279,97785
"Alberta","23-01-2021",1022,98807
"Alberta","24-01-2021",240,99047
"Alberta","25-01-2021",406,99453
"Alberta","26-01-2021",361,99814
"Alberta","27-01-2021",1309,101123
"Alberta","28-01-2021",1401,102524
"Alberta","29-01-2021",1803,104327
"Alberta","30-01-2021",1425,105752
"Alberta","31-01-2021",502,106254
"Alberta","01-02-2021",93,106347
"Alberta","02-02-2021",1091,107438
"Alberta","03-02-2021",1903,109341
"Alberta","04-02-2021",3047,112388
"Alberta","05-02-2021",1678,114066
"Alberta","06-02-2021",2650,116716
"Alberta","07-02-2021",1668,118384
"Alberta","08-02-2021",1973,120357
"Alberta","09-02-2021",3968,124325
"Alberta","10-02-2021",5127,129452
"Alberta","11-02-2021",6123,135575
"Alberta","12-02-2021",4814,140389
"Alberta","13-02-2021",3725,144114
"Alberta","14-02-2021",1727,145841
"Alberta","15-02-2021",762,146603
"Alberta","16-02-2021",2535,149138
"Alberta","17-02-2021",2918,152056
"Alberta","18-02-2021",3476,155532
"Alberta","19-02-2021",4891,160423
"Alberta","20-02-2021",5104,165527
"Alberta","21-02-2021",3914,169441
"Alberta","22-02-2021",4098,173539
"Alberta","23-02-2021",7216,180755
"Alberta","24-02-2021",5817,186572
"Alberta","25-02-2021",9000,195572
"Alberta","26-02-2021",11728,207300
"Alberta","27-02-2021",11396,218696
"Alberta","28-02-2021",8982,227678
"Alberta","01-03-2021",7830,235508
"Alberta","02-03-2021",9546,245054
"Alberta","03-03-2021",10229,255283
"Alberta","04-03-2021",10948,266231
"Alberta","05-03-2021",9488,275719
"Alberta","06-03-2021",6955,282674
"Alberta","07-03-2021",7717,290391
"Alberta","08-03-2021",7301,297692
"Alberta","09-03-2021",6131,303823
"Alberta","10-03-2021",5139,308962
"Alberta","11-03-2021",8612,317574
"Alberta","12-03-2021",15805,333379
"Alberta","13-03-2021",12756,346135
"Alberta","14-03-2021",11848,357983
"Alberta","15-03-2021",10141,368124
"Alberta","16-03-2021",11758,379882
"Alberta","17-03-2021",17610,397492
"Alberta","18-03-2021",21171,418663
"Alberta","19-03-2021",20406,439069
"Alberta","20-03-2021",13621,452690
"Alberta","21-03-2021",7166,459856
"Alberta","22-03-2021",27637,487493
"Alberta","23-03-2021",9787,497280
"Alberta","24-03-2021",14968,512248
"Alberta","25-03-2021",19923,532171
"Alberta","26-03-2021",26592,558763
"Alberta","27-03-2021",18460,577223
"Alberta","28-03-2021",17500,594723
"Alberta","29-03-2021",13309,608032
"Alberta","30-03-2021",11977,620009
"Alberta","31-03-2021",14988,634997
"Alberta","01-04-2021",18013,653010
"Alberta","02-04-2021",0,653010
"Alberta","03-04-2021",0,653010
"Alberta","04-04-2021",0,653010
"Alberta","05-04-2021",54472,707482
"Alberta","06-04-2021",26921,734403
"Alberta","07-04-2021",21428,755831
"Alberta","08-04-2021",23986,779817
"Alberta","09-04-2021",38872,818689
"Alberta","10-04-2021",0,818689
"Alberta","11-04-2021",28941,847630
"Alberta","12-04-2021",84628,932258
"Alberta","13-04-2021",38014,970272
"Alberta","14-04-2021",33851,1004123
"Alberta","15-04-2021",39447,1043570
"Alberta","16-04-2021",38821,1082391
"Alberta","17-04-2021",39510,1121901
"Alberta","18-04-2021",25147,1147048
"Alberta","19-04-2021",18175,1165223
"Alberta","20-04-2021",31205,1196428
"Alberta","21-04-2021",36497,1232925
"Alberta","22-04-2021",42362,1275287
"Alberta","23-04-2021",44550,1319837
"Alberta","24-04-2021",41528,1361365
"Alberta","25-04-2021",37308,1398673
"Alberta","26-04-2021",20515,1419188
"Alberta","27-04-2021",49597,1468785
"Alberta","28-04-2021",28471,1497256
"Alberta","29-04-2021",31313,1528569
"Alberta","30-04-2021",34144,1562713
"Alberta","01-05-2021",34953,1597666
"Alberta","02-05-2021",23640,1621306
"Alberta","03-05-2021",18997,1640303
"Alberta","04-05-2021",28152,1668455
"Alberta","05-05-2021",26220,1694675
"Alberta","06-05-2021",37907,1732582
"Alberta","07-05-2021",59730,1792312
"Alberta","08-05-2021",54242,1846554
"Alberta","09-05-2021",42485,1889039
"Alberta","10-05-2021",27918,1916957
"Alberta","11-05-2021",30047,1947004
"Alberta","12-05-2021",28337,1975341
"Alberta","13-05-2021",44372,2019713
"Alberta","14-05-2021",66876,2086589
"Alberta","15-05-2021",57691,2144280
"Alberta","16-05-2021",45719,2189999
"Alberta","17-05-2021",27447,2217446
"Alberta","18-05-2021",26523,2243969
"Alberta","19-05-2021",27986,2271955
"Alberta","20-05-2021",40866,2312821
"Alberta","21-05-2021",89111,2401932
"Alberta","22-05-2021",58925,2460857
"Alberta","23-05-2021",46062,2506919
"Alberta","24-05-2021",25224,2532143
"Alberta","25-05-2021",20174,2552317
"Alberta","26-05-2021",26260,2578577
"Alberta","27-05-2021",37170,2615747
"Alberta","28-05-2021",52820,2668567
"Alberta","29-05-2021",52120,2720687
"Alberta","30-05-2021",39042,2759729
"Alberta","31-05-2021",21701,2781430
"Alberta","01-06-2021",29738,2811168
"Alberta","02-06-2021",30611,2841779
"Alberta","03-06-2021",46226,2888005
"Alberta","04-06-2021",63922,2951927
"Alberta","05-06-2021",61628,3013555
"Alberta","06-06-2021",44107,3057662
"Alberta","07-06-2021",26457,3084119
"Alberta","08-06-2021",39107,3123226
"Alberta","09-06-2021",34636,3157862
"Alberta","10-06-2021",57282,3215144
"Alberta","11-06-2021",58306,3273450
"Alberta","12-06-2021",63400,3336850
"Alberta","13-06-2021",47176,3384026
"Alberta","14-06-2021",28725,3412751
"Alberta","15-06-2021",67656,3480407
"Alberta","16-06-2021",53027,3533434
"Alberta","17-06-2021",49972,3583406
"Alberta","18-06-2021",71344,3654750
"Alberta","19-06-2021",66669,3721419
"Alberta","20-06-2021",54255,3775674
"Alberta","21-06-2021",29026,3804700
"Alberta","22-06-2021",49508,3854208
"Alberta","23-06-2021",49030,3903238
"Alberta","24-06-2021",60181,3963419
"Alberta","25-06-2021",58665,4022084
"Alberta","26-06-2021",0,4022084
"Alberta","27-06-2021",0,4022084
"Alberta","28-06-2021",176379,4198463
"Alberta","29-06-2021",67945,4266408
"Alberta","30-06-2021",66475,4332883
"Alberta","01-07-2021",0,4332883
"Alberta","02-07-2021",100092,4432975
"Alberta","03-07-2021",0,4432975
"Alberta","04-07-2021",0,4432975
"Alberta","05-07-2021",145893,4578868
"Alberta","06-07-2021",50831,4629699
"Alberta","07-07-2021",43883,4673582
"Alberta","08-07-2021",54384,4727966
"Alberta","09-07-2021",49401,4777367
"Alberta","10-07-2021",0,4777367
"Alberta","11-07-2021",0,4777367
"Alberta","12-07-2021",91226,4868593
"Alberta","13-07-2021",26316,4894909
"Alberta","14-07-2021",25508,4920417
"Alberta","15-07-2021",26645,4947062
"Alberta","16-07-2021",33759,4980821
"Alberta","17-07-2021",0,4980821
"Alberta","18-07-2021",0,4980821
"Alberta","19-07-2021",75241,5056062
"Alberta","20-07-2021",22573,5078635
"Alberta","21-07-2021",21476,5100111
"Alberta","22-07-2021",28240,5128351
"Alberta","23-07-2021",29596,5157947
"Alberta","24-07-2021",0,5157947
"Alberta","25-07-2021",0,5157947
"Alberta","26-07-2021",63428,5221375
"Alberta","27-07-2021",19550,5240925
"Alberta","28-07-2021",19108,5260033
"Alberta","29-07-2021",17488,5277521
"Alberta","30-07-2021",16840,5294361
"Alberta","31-07-2021",0,5294361
"Alberta","01-08-2021",0,5294361
"Alberta","02-08-2021",0,5294361
"Alberta","03-08-2021",37462,5331823
"Alberta","04-08-2021",12962,5344785
"Alberta","05-08-2021",10469,5355254
"Alberta","06-08-2021",10353,5365607
"Alberta","07-08-2021",0,5365607
"Alberta","08-08-2021",0,5365607
"Alberta","09-08-2021",24612,5390219
"Alberta","10-08-2021",8392,5398611
"Alberta","11-08-2021",7741,5406352
"Alberta","12-08-2021",9145,5415497
"Alberta","13-08-2021",8337,5423834
"Alberta","14-08-2021",0,5423834
"Alberta","15-08-2021",0,5423834
"Alberta","16-08-2021",19929,5443763
"Alberta","17-08-2021",8132,5451895
"Alberta","18-08-2021",7443,5459338
"Alberta","19-08-2021",10099,5469437
"Alberta","20-08-2021",7661,5477098
"Alberta","21-08-2021",0,5477098
"Alberta","22-08-2021",0,5477098
"Alberta","23-08-2021",18381,5495479
"Alberta","24-08-2021",7780,5503259
"Alberta","25-08-2021",8015,5511274
"Alberta","26-08-2021",8935,5520209
"Alberta","27-08-2021",8211,5528420
"Alberta","28-08-2021",0,5528420
"Alberta","29-08-2021",0,5528420
"Alberta","30-08-2021",23512,5551932
"Alberta","31-08-2021",7389,5559321
"Alberta","01-09-2021",7214,5566535
"Alberta","02-09-2021",8227,5574762
"Alberta","03-09-2021",9080,5583842
"Alberta","04-09-2021",0,5583842
"Alberta","05-09-2021",0,5583842
"Alberta","06-09-2021",0,5583842
"Alberta","07-09-2021",27326,5611168
"Alberta","08-09-2021",7653,5618821
"Alberta","09-09-2021",7235,5626056
"Alberta","10-09-2021",8090,5634146
"Alberta","11-09-2021",0,5634146
"Alberta","12-09-2021",0,5634146
"Alberta","13-09-2021",22067,5656213
"Alberta","14-09-2021",9743,5665956
"Alberta","15-09-2021",8776,5674732
"Alberta","16-09-2021",10292,5685024
"Alberta","17-09-2021",69283,5754307
"Alberta","18-09-2021",0,5754307
"Alberta","19-09-2021",0,5754307
"Alberta","20-09-2021",62445,5816752
"Alberta","21-09-2021",36305,5853057
"Alberta","22-09-2021",21944,5875001
"Alberta","23-09-2021",21826,5896827
"Alberta","24-09-2021",66705,5963532
"Alberta","25-09-2021",0,5963532
"Alberta","26-09-2021",0,5963532
"Alberta","27-09-2021",49745,6013277
"Alberta","28-09-2021",18431,6031708
"Alberta","29-09-2021",17359,6049067
"Alberta","30-09-2021",18495,6067562
"Alberta","01-10-2021",17668,6085230
"Alberta","02-10-2021",0,6085230
"Alberta","03-10-2021",0,6085230
"Alberta","04-10-2021",36591,6121821
"Alberta","05-10-2021",20634,6142455
"Alberta","06-10-2021",12788,6155243
"Alberta","07-10-2021",18074,6173317
"Alberta","08-10-2021",18776,6192093
"Alberta","09-10-2021",0,6192093
"Alberta","10-10-2021",0,6192093
"Alberta","11-10-2021",0,6192093
"Alberta","12-10-2021",46581,6238674
"Alberta","13-10-2021",20565,6259239
"Alberta","14-10-2021",21775,6281014
"Alberta","15-10-2021",23040,6304054
"Alberta","16-10-2021",0,6304054
"Alberta","17-10-2021",0,6304054
"Alberta","18-10-2021",46077,6350131
"Alberta","19-10-2021",18749,6368880
"Alberta","20-10-2021",20250,6389130
"Alberta","21-10-2021",17047,6406177
"Alberta","22-10-2021",18011,6424188
"Alberta","23-10-2021",0,6424188
"Alberta","24-10-2021",0,6424188
"Alberta","25-10-2021",40935,6465123
"Alberta","26-10-2021",17451,6482574
"Alberta","27-10-2021",15235,6497809
"Alberta","28-10-2021",15323,6513132
"Alberta","29-10-2021",15001,6528133
"Alberta","30-10-2021",0,6528133
"Alberta","31-10-2021",0,6528133
"Alberta","01-11-2021",31644,6559777
"Alberta","02-11-2021",0,6559777
"Alberta","03-11-2021",23652,6583429
"Alberta","04-11-2021",11175,6594604
"Alberta","05-11-2021",11800,6606404
"Alberta","06-11-2021",0,6606404
"Alberta","07-11-2021",0,6606404
"Alberta","08-11-2021",25158,6631562
"Alberta","09-11-2021",18195,6649757
"Alberta","10-11-2021",13714,6663471
"Alberta","11-11-2021",0,6663471
"Alberta","12-11-2021",23116,6686587
"Alberta","13-11-2021",0,6686587
"Alberta","14-11-2021",0,6686587
"Alberta","15-11-2021",30420,6717007
"Alberta","16-11-2021",13730,6730737
"Alberta","17-11-2021",9527,6740264
"Alberta","18-11-2021",22548,6762812
"Alberta","19-11-2021",10073,6772885
"Alberta","20-11-2021",0,6772885
"Alberta","21-11-2021",0,6772885
"Alberta","22-11-2021",24070,6796955
"Alberta","23-11-2021",10217,6807172
"Alberta","24-11-2021",9095,6816267
"Alberta","25-11-2021",8877,6825144
"Alberta","26-11-2021",9368,6834512
"Alberta","27-11-2021",0,6834512
"Alberta","28-11-2021",0,6834512
"Alberta","29-11-2021",37936,6872448
"Alberta","30-11-2021",18343,6890791
"Alberta","01-12-2021",20145,6910936
"Alberta","02-12-2021",16903,6927839
"Alberta","03-12-2021",21482,6949321
"Alberta","04-12-2021",0,6949321
"Alberta","05-12-2021",0,6949321
"Alberta","06-12-2021",49967,6999288
"Alberta","07-12-2021",29693,7028981
"Alberta","08-12-2021",23177,7052158
"Alberta","09-12-2021",20197,7072355
"Alberta","10-12-2021",22076,7094431
"Alberta","11-12-2021",0,7094431
"Alberta","12-12-2021",0,7094431
"Alberta","13-12-2021",52899,7147330
"Alberta","14-12-2021",23317,7170647
"Alberta","15-12-2021",24300,7194947
"Alberta","16-12-2021",28708,7223655
"Alberta","17-12-2021",27829,7251484
"Alberta","18-12-2021",0,7251484
"Alberta","19-12-2021",0,7251484
"Alberta","20-12-2021",72075,7323559
"Alberta","21-12-2021",32825,7356384
"Alberta","22-12-2021",43900,7400284
"Alberta","23-12-2021",52365,7452649
"Alberta","24-12-2021",0,7452649
"Alberta","25-12-2021",0,7452649
"Alberta","26-12-2021",0,7452649
"Alberta","27-12-2021",0,7452649
"Alberta","28-12-2021",0,7452649
"Alberta","29-12-2021",141929,7594578
"Alberta","30-12-2021",0,7594578
"Alberta","31-12-2021",0,7594578
"Alberta","01-01-2022",0,7594578
"Alberta","02-01-2022",0,7594578
"Alberta","03-01-2022",0,7594578
"Alberta","04-01-2022",142230,7736808
"Alberta","05-01-2022",27671,7764479
"Alberta","06-01-2022",29601,7794080
"Alberta","07-01-2022",30942,7825022
"Alberta","08-01-2022",0,7825022
"Alberta","09-01-2022",0,7825022
"Alberta","10-01-2022",75709,7900731
"Alberta","11-01-2022",26951,7927682
"Alberta","12-01-2022",27021,7954703
"Alberta","13-01-2022",26840,7981543
"Alberta","14-01-2022",26224,8007767
"Alberta","15-01-2022",0,8007767
"Alberta","16-01-2022",0,8007767
"Alberta","17-01-2022",63899,8071666
"Alberta","18-01-2022",0,8071666
"Alberta","19-01-2022",37786,8109452
"Alberta","20-01-2022",-4081,8105371
"Alberta","21-01-2022",19443,8124814
"Alberta","22-01-2022",0,8124814
"Alberta","23-01-2022",0,8124814
"Alberta","24-01-2022",0,8124814
"Alberta","25-01-2022",76938,8201752
"Alberta","26-01-2022",19021,8220773
"Alberta","27-01-2022",17469,8238242
"Alberta","28-01-2022",17175,8255417
"Alberta","29-01-2022",0,8255417
"Alberta","30-01-2022",0,8255417
"Alberta","31-01-2022",46029,8301446
"Alberta","01-02-2022",12685,8314131
"Alberta","02-02-2022",11053,8325184
"Alberta","03-02-2022",10049,8335233
"Alberta","04-02-2022",10210,8345443
"Alberta","05-02-2022",0,8345443
"Alberta","06-02-2022",0,8345443
"Alberta","07-02-2022",31228,8376671
"Alberta","08-02-2022",7399,8384070
"Alberta","09-02-2022",7865,8391935
"Alberta","10-02-2022",9368,8401303
"Alberta","11-02-2022",8611,8409914
"Alberta","12-02-2022",0,8409914
"Alberta","13-02-2022",0,8409914
"Alberta","14-02-2022",19158,8429072
"Alberta","15-02-2022",8971,8438043
"Alberta","16-02-2022",5524,8443567
"Alberta","17-02-2022",5713,8449280
"Alberta","18-02-2022",6458,8455738
"Alberta","19-02-2022",0,8455738
"Alberta","20-02-2022",0,8455738
"Alberta","21-02-2022",0,8455738
"Alberta","22-02-2022",15134,8470872
"Alberta","23-02-2022",7315,8478187
"Alberta","24-02-2022",4311,8482498
"Alberta","25-02-2022",3896,8486394
"Alberta","26-02-2022",0,8486394
"Alberta","27-02-2022",0,8486394
"Alberta","28-02-2022",11867,8498261
"Alberta","01-03-2022",3323,8501584
"Alberta","02-03-2022",3054,8504638
"Alberta","03-03-2022",1638,8506276
"Alberta","04-03-2022",3006,8509282
"Alberta","05-03-2022",0,8509282
"Alberta","06-03-2022",0,8509282
"Alberta","07-03-2022",9278,8518560
"Alberta","08-03-2022",2385,8520945
"Alberta","09-03-2022",2698,8523643
"Alberta","10-03-2022",2579,8526222
"Alberta","11-03-2022",2481,8528703
"Alberta","12-03-2022",0,8528703
"Alberta","13-03-2022",0,8528703
"Alberta","14-03-2022",8153,8536856
"Alberta","15-03-2022",3976,8540832
"Alberta","16-03-2022",3441,8544273
"Alberta","17-03-2022",3303,8547576
"Alberta","18-03-2022",3291,8550867
"Alberta","19-03-2022",0,8550867
"Alberta","20-03-2022",0,8550867
"Alberta","21-03-2022",0,8550867
"Alberta","22-03-2022",0,8550867
"BC","14-12-2020",0,0
"BC","15-12-2020",409,409
"BC","16-12-2020",0,409
"BC","17-12-2020",806,1215
"BC","18-12-2020",1377,2592
"BC","19-12-2020",0,2592
"BC","20-12-2020",0,2592
"BC","21-12-2020",1052,3644
"BC","22-12-2020",464,4108
"BC","23-12-2020",1495,5603
"BC","24-12-2020",2575,8178
"BC","25-12-2020",0,8178
"BC","26-12-2020",0,8178
"BC","27-12-2020",0,8178
"BC","28-12-2020",0,8178
"BC","29-12-2020",3752,11930
"BC","30-12-2020",2097,14027
"BC","31-12-2020",3483,17510
"BC","01-01-2021",0,17510
"BC","02-01-2021",0,17510
"BC","03-01-2021",0,17510
"BC","04-01-2021",6629,24139
"BC","05-01-2021",4070,28209
"BC","06-01-2021",5456,33665
"BC","07-01-2021",7399,41064
"BC","08-01-2021",5195,46259
"BC","09-01-2021",0,46259
"BC","10-01-2021",0,46259
"BC","11-01-2021",13643,59902
"BC","12-01-2021",2392,62294
"BC","13-01-2021",1136,63430
"BC","14-01-2021",6316,69746
"BC","15-01-2021",6168,75914
"BC","16-01-2021",0,75914
"BC","17-01-2021",0,75914
"BC","18-01-2021",11432,87346
"BC","19-01-2021",5023,92369
"BC","20-01-2021",5756,98125
"BC","21-01-2021",6776,104901
"BC","22-01-2021",5665,110566
"BC","23-01-2021",0,110566
"BC","24-01-2021",0,110566
"BC","25-01-2021",9284,119850
"BC","26-01-2021",2509,122359
"BC","27-01-2021",2006,124365
"BC","28-01-2021",2890,127255
"BC","29-01-2021",1986,129241
"BC","30-01-2021",0,129241
"BC","31-01-2021",0,129241
"BC","01-02-2021",9651,138892
"BC","02-02-2021",1560,140452
"BC","03-02-2021",1694,142146
"BC","04-02-2021",3421,145567
"BC","05-02-2021",3997,149564
"BC","06-02-2021",0,149564
"BC","07-02-2021",0,149564
"BC","08-02-2021",4932,154496
"BC","09-02-2021",1089,155585
"BC","10-02-2021",2212,157797
"BC","11-02-2021",2090,159887
"BC","12-02-2021",3095,162982
"BC","13-02-2021",0,162982
"BC","14-02-2021",0,162982
"BC","15-02-2021",0,162982
"BC","16-02-2021",8773,171755
"BC","17-02-2021",4260,176015
"BC","18-02-2021",4676,180691
"BC","19-02-2021",12251,192942
"BC","20-02-2021",0,192942
"BC","21-02-2021",0,192942
"BC","22-02-2021",25784,218726
"BC","23-02-2021",5628,224354
"BC","24-02-2021",6521,230875
"BC","25-02-2021",9008,239883
"BC","26-02-2021",12490,252373
"BC","27-02-2021",0,252373
"BC","28-02-2021",0,252373
"BC","01-03-2021",23308,275681
"BC","02-03-2021",7501,283182
"BC","03-03-2021",6627,289809
"BC","04-03-2021",9042,298851
"BC","05-03-2021",12357,311208
"BC","06-03-2021",0,311208
"BC","07-03-2021",0,311208
"BC","08-03-2021",22119,333327
"BC","09-03-2021",10054,343381
"BC","10-03-2021",11959,355340
"BC","11-03-2021",11451,366791
"BC","12-03-2021",13952,380743
"BC","13-03-2021",0,380743
"BC","14-03-2021",0,380743
"BC","15-03-2021",28360,409103
"BC","16-03-2021",15414,424517
"BC","17-03-2021",19623,444140
"BC","18-03-2021",21444,465584
"BC","19-03-2021",24438,490022
"BC","20-03-2021",0,490022
"BC","21-03-2021",0,490022
"BC","22-03-2021",49386,539408
"BC","23-03-2021",18100,557508
"BC","24-03-2021",25126,582634
"BC","25-03-2021",28037,610671
"BC","26-03-2021",27185,637856
"BC","27-03-2021",0,637856
"BC","28-03-2021",0,637856
"BC","29-03-2021",61236,699092
"BC","30-03-2021",25101,724193
"BC","31-03-2021",31887,756080
"BC","01-04-2021",32169,788249
"BC","02-04-2021",0,788249
"BC","03-04-2021",0,788249
"BC","04-04-2021",0,788249
"BC","05-04-2021",105341,893590
"BC","06-04-2021",18466,912056
"BC","07-04-2021",34040,946096
"BC","08-04-2021",38905,985001
"BC","09-04-2021",40018,1025019
"BC","10-04-2021",0,1025019
"BC","11-04-2021",0,1025019
"BC","12-04-2021",87082,1112101
"BC","13-04-2021",36892,1148993
"BC","14-04-2021",41839,1190832
"BC","15-04-2021",45031,1235863
"BC","16-04-2021",46228,1282091
"BC","17-04-2021",0,1282091
"BC","18-04-2021",0,1282091
"BC","19-04-2021",98069,1380160
"BC","20-04-2021",34484,1414644
"BC","21-04-2021",42302,1456946
"BC","22-04-2021",43484,1500430
"BC","23-04-2021",41636,1542066
"BC","24-04-2021",0,1542066
"BC","25-04-2021",0,1542066
"BC","26-04-2021",93306,1635372
"BC","27-04-2021",35756,1671128
"BC","28-04-2021",34281,1705409
"BC","29-04-2021",43966,1749375
"BC","30-04-2021",37397,1786772
"BC","01-05-2021",0,1786772
"BC","02-05-2021",0,1786772
"BC","03-05-2021",90558,1877330
"BC","04-05-2021",32832,1910162
"BC","05-05-2021",33068,1943230
"BC","06-05-2021",52266,1995496
"BC","07-05-2021",46946,2042442
"BC","08-05-2021",0,2042442
"BC","09-05-2021",0,2042442
"BC","10-05-2021",116661,2159103
"BC","11-05-2021",60753,2219856
"BC","12-05-2021",57462,2277318
"BC","13-05-2021",0,2277318
"BC","14-05-2021",115947,2393265
"BC","15-05-2021",0,2393265
"BC","16-05-2021",0,2393265
"BC","17-05-2021",135133,2528398
"BC","18-05-2021",38538,2566936
"BC","19-05-2021",65971,2632907
"BC","20-05-2021",54453,2687360
"BC","21-05-2021",56660,2744020
"BC","22-05-2021",0,2744020
"BC","23-05-2021",0,2744020
"BC","24-05-2021",0,2744020
"BC","25-05-2021",183467,2927487
"BC","26-05-2021",52464,2979951
"BC","27-05-2021",52860,3032811
"BC","28-05-2021",73458,3106269
"BC","29-05-2021",0,3106269
"BC","30-05-2021",0,3106269
"BC","31-05-2021",143892,3250161
"BC","01-06-2021",53173,3303334
"BC","02-06-2021",61952,3365286
"BC","03-06-2021",61541,3426827
"BC","04-06-2021",62057,3488884
"BC","05-06-2021",0,3488884
"BC","06-06-2021",0,3488884
"BC","07-06-2021",146911,3635795
"BC","08-06-2021",49545,3685340
"BC","09-06-2021",64418,3749758
"BC","10-06-2021",73345,3823103
"BC","11-06-2021",70478,3893581
"BC","12-06-2021",0,3893581
"BC","13-06-2021",0,3893581
"BC","14-06-2021",154765,4048346
"BC","15-06-2021",54559,4102905
"BC","16-06-2021",62237,4165142
"BC","17-06-2021",66729,4231871
"BC","18-06-2021",64280,4296151
"BC","19-06-2021",0,4296151
"BC","20-06-2021",0,4296151
"BC","21-06-2021",140281,4436432
"BC","22-06-2021",75491,4511923
"BC","23-06-2021",58230,4570153
"BC","24-06-2021",81934,4652087
"BC","25-06-2021",51462,4703549
"BC","26-06-2021",0,4703549
"BC","27-06-2021",0,4703549
"BC","28-06-2021",183160,4886709
"BC","29-06-2021",55086,4941795
"BC","30-06-2021",61121,5002916
"BC","01-07-2021",0,5002916
"BC","02-07-2021",121777,5124693
"BC","03-07-2021",0,5124693
"BC","04-07-2021",0,5124693
"BC","05-07-2021",163951,5288644
"BC","06-07-2021",51612,5340256
"BC","07-07-2021",63791,5404047
"BC","08-07-2021",93103,5497150
"BC","09-07-2021",68833,5565983
"BC","10-07-2021",0,5565983
"BC","11-07-2021",0,5565983
"BC","12-07-2021",175708,5741691
"BC","13-07-2021",63850,5805541
"BC","14-07-2021",67070,5872611
"BC","15-07-2021",69453,5942064
"BC","16-07-2021",62604,6004668
"BC","17-07-2021",0,6004668
"BC","18-07-2021",0,6004668
"BC","19-07-2021",168660,6173328
"BC","20-07-2021",60328,6233656
"BC","21-07-2021",63493,6297149
"BC","22-07-2021",64478,6361627
"BC","23-07-2021",60876,6422503
"BC","24-07-2021",0,6422503
"BC","25-07-2021",0,6422503
"BC","26-07-2021",161761,6584264
"BC","27-07-2021",52977,6637241
"BC","28-07-2021",48741,6685982
"BC","29-07-2021",46327,6732309
"BC","30-07-2021",41948,6774257
"BC","31-07-2021",0,6774257
"BC","01-08-2021",0,6774257
"BC","02-08-2021",0,6774257
"BC","03-08-2021",128063,6902320
"BC","04-08-2021",29495,6931815
"BC","05-08-2021",33247,6965062
"BC","06-08-2021",28042,6993104
"BC","07-08-2021",0,6993104
"BC","08-08-2021",0,6993104
"BC","09-08-2021",74634,7067738
"BC","10-08-2021",19998,7087736
"BC","11-08-2021",26514,7114250
"BC","12-08-2021",26946,7141196
"BC","13-08-2021",22824,7164020
"BC","14-08-2021",0,7164020
"BC","15-08-2021",0,7164020
"BC","16-08-2021",66941,7230961
"BC","17-08-2021",17078,7248039
"BC","18-08-2021",17183,7265222
"BC","19-08-2021",15613,7280835
"BC","20-08-2021",15261,7296096
"BC","21-08-2021",0,7296096
"BC","22-08-2021",0,7296096
"BC","23-08-2021",40700,7336796
"BC","24-08-2021",14675,7351471
"BC","25-08-2021",18270,7369741
"BC","26-08-2021",20362,7390103
"BC","27-08-2021",18612,7408715
"BC","28-08-2021",0,7408715
"BC","29-08-2021",0,7408715
"BC","30-08-2021",44392,7453107
"BC","31-08-2021",10751,7463858
"BC","01-09-2021",15457,7479315
"BC","02-09-2021",15252,7494567
"BC","03-09-2021",14560,7509127
"BC","04-09-2021",0,7509127
"BC","05-09-2021",0,7509127
"BC","06-09-2021",0,7509127
"BC","07-09-2021",36744,7545871
"BC","08-09-2021",11685,7557556
"BC","09-09-2021",13368,7570924
"BC","10-09-2021",13075,7583999
"BC","11-09-2021",0,7583999
"BC","12-09-2021",0,7583999
"BC","13-09-2021",34454,7618453
"BC","14-09-2021",12393,7630846
"BC","15-09-2021",13067,7643913
"BC","16-09-2021",14530,7658443
"BC","17-09-2021",16851,7675294
"BC","18-09-2021",0,7675294
"BC","19-09-2021",0,7675294
"BC","20-09-2021",36012,7711306
"BC","21-09-2021",14280,7725586
"BC","22-09-2021",14242,7739828
"BC","23-09-2021",16806,7756634
"BC","24-09-2021",14680,7771314
"BC","25-09-2021",0,7771314
"BC","26-09-2021",0,7771314
"BC","27-09-2021",31221,7802535
"BC","28-09-2021",0,7802535
"BC","29-09-2021",28694,7831229
"BC","30-09-2021",0,7831229
"BC","01-10-2021",21656,7852885
"BC","02-10-2021",0,7852885
"BC","03-10-2021",0,7852885
"BC","04-10-2021",31185,7884070
"BC","05-10-2021",10905,7894975
"BC","06-10-2021",13857,7908832
"BC","07-10-2021",12238,7921070
"BC","08-10-2021",16144,7937214
"BC","09-10-2021",0,7937214
"BC","10-10-2021",0,7937214
"BC","11-10-2021",0,7937214
"BC","12-10-2021",40801,7978015
"BC","13-10-2021",13917,7991932
"BC","14-10-2021",16926,8008858
"BC","15-10-2021",16498,8025356
"BC","16-10-2021",0,8025356
"BC","17-10-2021",0,8025356
"BC","18-10-2021",35438,8060794
"BC","19-10-2021",12911,8073705
"BC","20-10-2021",14637,8088342
"BC","21-10-2021",15585,8103927
"BC","22-10-2021",16567,8120494
"BC","23-10-2021",0,8120494
"BC","24-10-2021",0,8120494
"BC","25-10-2021",36114,8156608
"BC","26-10-2021",14571,8171179
"BC","27-10-2021",15474,8186653
"BC","28-10-2021",12779,8199432
"BC","29-10-2021",19412,8218844
"BC","30-10-2021",0,8218844
"BC","31-10-2021",0,8218844
"BC","01-11-2021",31722,8250566
"BC","02-11-2021",13009,8263575
"BC","03-11-2021",14623,8278198
"BC","04-11-2021",17648,8295846
"BC","05-11-2021",16012,8311858
"BC","06-11-2021",0,8311858
"BC","07-11-2021",0,8311858
"BC","08-11-2021",35135,8346993
"BC","09-11-2021",14942,8361935
"BC","10-11-2021",35863,8397798
"BC","11-11-2021",0,8397798
"BC","12-11-2021",25686,8423484
"BC","13-11-2021",0,8423484
"BC","14-11-2021",0,8423484
"BC","15-11-2021",42593,8466077
"BC","16-11-2021",12019,8478096
"BC","17-11-2021",18348,8496444
"BC","18-11-2021",18156,8514600
"BC","19-11-2021",20788,8535388
"BC","20-11-2021",0,8535388
"BC","21-11-2021",0,8535388
"BC","22-11-2021",43245,8578633
"BC","23-11-2021",-10501,8568132
"BC","24-11-2021",19388,8587520
"BC","25-11-2021",22123,8609643
"BC","26-11-2021",20835,8630478
"BC","27-11-2021",0,8630478
"BC","28-11-2021",0,8630478
"BC","29-11-2021",41716,8672194
"BC","30-11-2021",15918,8688112
"BC","01-12-2021",21690,8709802
"BC","02-12-2021",26583,8736385
"BC","03-12-2021",25233,8761618
"BC","04-12-2021",0,8761618
"BC","05-12-2021",0,8761618
"BC","06-12-2021",49544,8811162
"BC","07-12-2021",21418,8832580
"BC","08-12-2021",26660,8859240
"BC","09-12-2021",29927,8889167
"BC","10-12-2021",29833,8919000
"BC","11-12-2021",0,8919000
"BC","12-12-2021",0,8919000
"BC","13-12-2021",53851,8972851
"BC","14-12-2021",28194,9001045
"BC","15-12-2021",31554,9032599
"BC","16-12-2021",34991,9067590
"BC","17-12-2021",34215,9101805
"BC","18-12-2021",0,9101805
"BC","19-12-2021",0,9101805
"BC","20-12-2021",63593,9165398
"BC","21-12-2021",25516,9190914
"BC","22-12-2021",28412,9219326
"BC","23-12-2021",29107,9248433
"BC","24-12-2021",28159,9276592
"BC","25-12-2021",0,9276592
"BC","26-12-2021",0,9276592
"BC","27-12-2021",0,9276592
"BC","28-12-2021",0,9276592
"BC","29-12-2021",61180,9337772
"BC","30-12-2021",30871,9368643
"BC","31-12-2021",30372,9399015
"BC","01-01-2022",0,9399015
"BC","02-01-2022",0,9399015
"BC","03-01-2022",0,9399015
"BC","04-01-2022",61847,9460862
"BC","05-01-2022",41463,9502325
"BC","06-01-2022",50044,9552369
"BC","07-01-2022",51962,9604331
"BC","08-01-2022",0,9604331
"BC","09-01-2022",0,9604331
"BC","10-01-2022",123868,9728199
"BC","11-01-2022",46859,9775058
"BC","12-01-2022",58960,9834018
"BC","13-01-2022",63593,9897611
"BC","14-01-2022",64485,9962096
"BC","15-01-2022",0,9962096
"BC","16-01-2022",0,9962096
"BC","17-01-2022",146017,10108113
"BC","18-01-2022",50216,10158329
"BC","19-01-2022",59169,10217498
"BC","20-01-2022",59042,10276540
"BC","21-01-2022",57793,10334333
"BC","22-01-2022",0,10334333
"BC","23-01-2022",0,10334333
"BC","24-01-2022",132660,10466993
"BC","25-01-2022",39478,10506471
"BC","26-01-2022",45195,10551666
"BC","27-01-2022",44545,10596211
"BC","28-01-2022",44552,10640763
"BC","29-01-2022",0,10640763
"BC","30-01-2022",0,10640763
"BC","31-01-2022",108051,10748814
"BC","01-02-2022",30673,10779487
"BC","02-02-2022",32475,10811962
"BC","03-02-2022",30470,10842432
"BC","04-02-2022",30345,10872777
"BC","05-02-2022",0,10872777
"BC","06-02-2022",0,10872777
"BC","07-02-2022",95334,10968111
"BC","08-02-2022",25081,10993192
"BC","09-02-2022",25427,11018619
"BC","10-02-2022",25168,11043787
"BC","11-02-2022",24555,11068342
"BC","12-02-2022",0,11068342
"BC","13-02-2022",0,11068342
"BC","14-02-2022",75331,11143673
"BC","15-02-2022",14387,11158060
"BC","16-02-2022",18650,11176710
"BC","17-02-2022",19760,11196470
"BC","18-02-2022",20483,11216953
"BC","19-02-2022",0,11216953
"BC","20-02-2022",0,11216953
"BC","21-02-2022",0,11216953
"BC","22-02-2022",64397,11281350
"BC","23-02-2022",8980,11290330
"BC","24-02-2022",9593,11299923
"BC","25-02-2022",10268,11310191
"BC","26-02-2022",0,11310191
"BC","27-02-2022",0,11310191
"BC","28-02-2022",29624,11339815
"BC","01-03-2022",4795,11344610
"BC","02-03-2022",5687,11350297
"BC","03-03-2022",4876,11355173
"BC","04-03-2022",6386,11361559
"BC","05-03-2022",0,11361559
"BC","06-03-2022",0,11361559
"BC","07-03-2022",17878,11379437
"BC","08-03-2022",3194,11382631
"BC","09-03-2022",6041,11388672
"BC","10-03-2022",4873,11393545
"BC","11-03-2022",4958,11398503
"BC","12-03-2022",0,11398503
"BC","13-03-2022",0,11398503
"BC","14-03-2022",17865,11416368
"BC","15-03-2022",3918,11420286
"BC","16-03-2022",3990,11424276
"BC","17-03-2022",5166,11429442
"BC","18-03-2022",4769,11434211
"BC","19-03-2022",0,11434211
"BC","20-03-2022",0,11434211
"BC","21-03-2022",15681,11449892
"BC","22-03-2022",3886,11453778
"Manitoba","14-12-2020",0,0
"Manitoba","15-12-2020",0,0
"Manitoba","16-12-2020",11,11
"Manitoba","17-12-2020",303,314
"Manitoba","18-12-2020",299,613
"Manitoba","19-12-2020",305,918
"Manitoba","20-12-2020",2,920
"Manitoba","21-12-2020",4,924
"Manitoba","22-12-2020",304,1228
"Manitoba","23-12-2020",503,1731
"Manitoba","24-12-2020",493,2224
"Manitoba","25-12-2020",1,2225
"Manitoba","26-12-2020",1,2226
"Manitoba","27-12-2020",2,2228
"Manitoba","28-12-2020",5,2233
"Manitoba","29-12-2020",3,2236
"Manitoba","30-12-2020",473,2709
"Manitoba","31-12-2020",476,3185
"Manitoba","01-01-2021",350,3535
"Manitoba","02-01-2021",5,3540
"Manitoba","03-01-2021",8,3548
"Manitoba","04-01-2021",3,3551
"Manitoba","05-01-2021",876,4427
"Manitoba","06-01-2021",885,5312
"Manitoba","07-01-2021",1189,6501
"Manitoba","08-01-2021",1208,7709
"Manitoba","09-01-2021",1210,8919
"Manitoba","10-01-2021",936,9855
"Manitoba","11-01-2021",929,10784
"Manitoba","12-01-2021",1231,12015
"Manitoba","13-01-2021",1272,13287
"Manitoba","14-01-2021",1278,14565
"Manitoba","15-01-2021",1583,16148
"Manitoba","16-01-2021",1495,17643
"Manitoba","17-01-2021",1221,18864
"Manitoba","18-01-2021",1208,20072
"Manitoba","19-01-2021",2497,22569
"Manitoba","20-01-2021",2314,24883
"Manitoba","21-01-2021",1846,26729
"Manitoba","22-01-2021",2111,28840
"Manitoba","23-01-2021",1926,30766
"Manitoba","24-01-2021",710,31476
"Manitoba","25-01-2021",546,32022
"Manitoba","26-01-2021",2200,34222
"Manitoba","27-01-2021",2118,36340
"Manitoba","28-01-2021",1937,38277
"Manitoba","29-01-2021",1926,40203
"Manitoba","30-01-2021",1611,41814
"Manitoba","31-01-2021",933,42747
"Manitoba","01-02-2021",895,43642
"Manitoba","02-02-2021",879,44521
"Manitoba","03-02-2021",638,45159
"Manitoba","04-02-2021",767,45926
"Manitoba","05-02-2021",1032,46958
"Manitoba","06-02-2021",1032,47990
"Manitoba","07-02-2021",1048,49038
"Manitoba","08-02-2021",940,49978
"Manitoba","09-02-2021",1675,51653
"Manitoba","10-02-2021",1038,52691
"Manitoba","11-02-2021",1018,53709
"Manitoba","12-02-2021",1190,54899
"Manitoba","13-02-2021",1388,56287
"Manitoba","14-02-2021",815,57102
"Manitoba","15-02-2021",628,57730
"Manitoba","16-02-2021",242,57972
"Manitoba","17-02-2021",1251,59223
"Manitoba","18-02-2021",866,60089
"Manitoba","19-02-2021",1071,61160
"Manitoba","20-02-2021",1660,62820
"Manitoba","21-02-2021",917,63737
"Manitoba","22-02-2021",974,64711
"Manitoba","23-02-2021",2553,67264
"Manitoba","24-02-2021",2595,69859
"Manitoba","25-02-2021",2441,72300
"Manitoba","26-02-2021",2196,74496
"Manitoba","27-02-2021",2630,77126
"Manitoba","28-02-2021",1685,78811
"Manitoba","01-03-2021",1363,80174
"Manitoba","02-03-2021",2531,82705
"Manitoba","03-03-2021",2585,85290
"Manitoba","04-03-2021",2912,88202
"Manitoba","05-03-2021",3048,91250
"Manitoba","06-03-2021",2556,93806
"Manitoba","07-03-2021",1646,95452
"Manitoba","08-03-2021",1285,96737
"Manitoba","09-03-2021",2262,98999
"Manitoba","10-03-2021",2645,101644
"Manitoba","11-03-2021",2520,104164
"Manitoba","12-03-2021",2183,106347
"Manitoba","13-03-2021",2584,108931
"Manitoba","14-03-2021",2360,111291
"Manitoba","15-03-2021",1571,112862
"Manitoba","16-03-2021",3880,116742
"Manitoba","17-03-2021",5112,121854
"Manitoba","18-03-2021",5127,126981
"Manitoba","19-03-2021",6085,133066
"Manitoba","20-03-2021",6000,139066
"Manitoba","21-03-2021",3801,142867
"Manitoba","22-03-2021",2668,145535
"Manitoba","23-03-2021",6278,151813
"Manitoba","24-03-2021",6692,158505
"Manitoba","25-03-2021",6274,164779
"Manitoba","26-03-2021",6429,171208
"Manitoba","27-03-2021",8668,179876
"Manitoba","28-03-2021",6820,186696
"Manitoba","29-03-2021",5829,192525
"Manitoba","30-03-2021",9250,201775
"Manitoba","31-03-2021",9868,211643
"Manitoba","01-04-2021",10033,221676
"Manitoba","02-04-2021",9872,231548
"Manitoba","03-04-2021",6480,238028
"Manitoba","04-04-2021",6427,244455
"Manitoba","05-04-2021",4471,248926
"Manitoba","06-04-2021",5087,254013
"Manitoba","07-04-2021",8289,262302
"Manitoba","08-04-2021",9123,271425
"Manitoba","09-04-2021",10524,281949
"Manitoba","10-04-2021",8993,290942
"Manitoba","11-04-2021",6896,297838
"Manitoba","12-04-2021",5955,303793
"Manitoba","13-04-2021",8204,311997
"Manitoba","14-04-2021",9505,321502
"Manitoba","15-04-2021",9890,331392
"Manitoba","16-04-2021",10417,341809
"Manitoba","17-04-2021",10433,352242
"Manitoba","18-04-2021",7871,360113
"Manitoba","19-04-2021",5488,365601
"Manitoba","20-04-2021",9017,374618
"Manitoba","21-04-2021",13956,388574
"Manitoba","22-04-2021",15848,404422
"Manitoba","23-04-2021",14149,418571
"Manitoba","24-04-2021",15283,433854
"Manitoba","25-04-2021",10998,444852
"Manitoba","26-04-2021",5772,450624
"Manitoba","27-04-2021",10895,461519
"Manitoba","28-04-2021",9849,471368
"Manitoba","29-04-2021",11153,482521
"Manitoba","30-04-2021",10053,492574
"Manitoba","01-05-2021",9359,501933
"Manitoba","02-05-2021",7538,509471
"Manitoba","03-05-2021",4388,513859
"Manitoba","04-05-2021",7195,521054
"Manitoba","05-05-2021",9159,530213
"Manitoba","06-05-2021",10791,541004
"Manitoba","07-05-2021",11764,552768
"Manitoba","08-05-2021",12811,565579
"Manitoba","09-05-2021",10605,576184
"Manitoba","10-05-2021",9381,585565
"Manitoba","11-05-2021",13978,599543
"Manitoba","12-05-2021",16638,616181
"Manitoba","13-05-2021",15237,631418
"Manitoba","14-05-2021",15406,646824
"Manitoba","15-05-2021",13997,660821
"Manitoba","16-05-2021",12134,672955
"Manitoba","17-05-2021",9048,682003
"Manitoba","18-05-2021",11343,693346
"Manitoba","19-05-2021",14903,708249
"Manitoba","20-05-2021",15899,724148
"Manitoba","21-05-2021",16673,740821
"Manitoba","22-05-2021",13842,754663
"Manitoba","23-05-2021",11410,766073
"Manitoba","24-05-2021",11443,777516
"Manitoba","25-05-2021",12773,790289
"Manitoba","26-05-2021",18402,808691
"Manitoba","27-05-2021",17259,825950
"Manitoba","28-05-2021",17021,842971
"Manitoba","29-05-2021",17826,860797
"Manitoba","30-05-2021",11614,872411
"Manitoba","31-05-2021",7811,880222
"Manitoba","01-06-2021",9712,889934
"Manitoba","02-06-2021",13119,903053
"Manitoba","03-06-2021",16659,919712
"Manitoba","04-06-2021",17932,937644
"Manitoba","05-06-2021",15426,953070
"Manitoba","06-06-2021",12562,965632
"Manitoba","07-06-2021",8121,973753
"Manitoba","08-06-2021",12742,986495
"Manitoba","09-06-2021",14940,1001435
"Manitoba","10-06-2021",15917,1017352
"Manitoba","11-06-2021",16313,1033665
"Manitoba","12-06-2021",16900,1050565
"Manitoba","13-06-2021",14550,1065115
"Manitoba","14-06-2021",10226,1075341
"Manitoba","15-06-2021",14333,1089674
"Manitoba","16-06-2021",17921,1107595
"Manitoba","17-06-2021",18832,1126427
"Manitoba","18-06-2021",18216,1144643
"Manitoba","19-06-2021",14730,1159373
"Manitoba","20-06-2021",12619,1171992
"Manitoba","21-06-2021",18616,1190608
"Manitoba","22-06-2021",21116,1211724
"Manitoba","23-06-2021",25757,1237481
"Manitoba","24-06-2021",28131,1265612
"Manitoba","25-06-2021",30797,1296409
"Manitoba","26-06-2021",28468,1324877
"Manitoba","27-06-2021",20041,1344918
"Manitoba","28-06-2021",18825,1363743
"Manitoba","29-06-2021",34407,1398150
"Manitoba","30-06-2021",32220,1430370
"Manitoba","01-07-2021",27839,1458209
"Manitoba","02-07-2021",18257,1476466
"Manitoba","03-07-2021",24390,1500856
"Manitoba","04-07-2021",18442,1519298
"Manitoba","05-07-2021",15789,1535087
"Manitoba","06-07-2021",19366,1554453
"Manitoba","07-07-2021",16792,1571245
"Manitoba","08-07-2021",16955,1588200
"Manitoba","09-07-2021",16871,1605071
"Manitoba","10-07-2021",13846,1618917
"Manitoba","11-07-2021",9405,1628322
"Manitoba","12-07-2021",5512,1633834
"Manitoba","13-07-2021",7874,1641708
"Manitoba","14-07-2021",10874,1652582
"Manitoba","15-07-2021",13412,1665994
"Manitoba","16-07-2021",14681,1680675
"Manitoba","17-07-2021",10953,1691628
"Manitoba","18-07-2021",8181,1699809
"Manitoba","19-07-2021",4391,1704200
"Manitoba","20-07-2021",7468,1711668
"Manitoba","21-07-2021",6791,1718459
"Manitoba","22-07-2021",10075,1728534
"Manitoba","23-07-2021",8361,1736895
"Manitoba","24-07-2021",13166,1750061
"Manitoba","25-07-2021",10610,1760671
"Manitoba","26-07-2021",7815,1768486
"Manitoba","27-07-2021",10688,1779174
"Manitoba","28-07-2021",10320,1789494
"Manitoba","29-07-2021",11623,1801117
"Manitoba","30-07-2021",8420,1809537
"Manitoba","31-07-2021",15577,1825114
"Manitoba","01-08-2021",12049,1837163
"Manitoba","02-08-2021",1327,1838490
"Manitoba","03-08-2021",1530,1840020
"Manitoba","04-08-2021",2309,1842329
"Manitoba","05-08-2021",5005,1847334
"Manitoba","06-08-2021",7688,1855022
"Manitoba","07-08-2021",3108,1858130
"Manitoba","08-08-2021",2792,1860922
"Manitoba","09-08-2021",1516,1862438
"Manitoba","10-08-2021",2661,1865099
"Manitoba","11-08-2021",2495,1867594
"Manitoba","12-08-2021",3640,1871234
"Manitoba","13-08-2021",5958,1877192
"Manitoba","14-08-2021",2767,1879959
"Manitoba","15-08-2021",2578,1882537
"Manitoba","16-08-2021",1389,1883926
"Manitoba","17-08-2021",2237,1886163
"Manitoba","18-08-2021",2618,1888781
"Manitoba","19-08-2021",3427,1892208
"Manitoba","20-08-2021",4988,1897196
"Manitoba","21-08-2021",2610,1899806
"Manitoba","22-08-2021",2836,1902642
"Manitoba","23-08-2021",1603,1904245
"Manitoba","24-08-2021",2059,1906304
"Manitoba","25-08-2021",2524,1908828
"Manitoba","26-08-2021",3636,1912464
"Manitoba","27-08-2021",4333,1916797
"Manitoba","28-08-2021",3295,1920092
"Manitoba","29-08-2021",4023,1924115
"Manitoba","30-08-2021",2234,1926349
"Manitoba","31-08-2021",2903,1929252
"Manitoba","01-09-2021",2701,1931953
"Manitoba","02-09-2021",3864,1935817
"Manitoba","03-09-2021",4425,1940242
"Manitoba","04-09-2021",4296,1944538
"Manitoba","05-09-2021",3267,1947805
"Manitoba","06-09-2021",1129,1948934
"Manitoba","07-09-2021",321,1949255
"Manitoba","08-09-2021",2104,1951359
"Manitoba","09-09-2021",3784,1955143
"Manitoba","10-09-2021",3925,1959068
"Manitoba","11-09-2021",3831,1962899
"Manitoba","12-09-2021",2437,1965336
"Manitoba","13-09-2021",829,1966165
"Manitoba","14-09-2021",1838,1968003
"Manitoba","15-09-2021",2146,1970149
"Manitoba","16-09-2021",3343,1973492
"Manitoba","17-09-2021",3337,1976829
"Manitoba","18-09-2021",3018,1979847
"Manitoba","19-09-2021",2466,1982313
"Manitoba","20-09-2021",658,1982971
"Manitoba","21-09-2021",1701,1984672
"Manitoba","22-09-2021",1964,1986636
"Manitoba","23-09-2021",3523,1990159
"Manitoba","24-09-2021",3032,1993191
"Manitoba","25-09-2021",3194,1996385
"Manitoba","26-09-2021",2411,1998796
"Manitoba","27-09-2021",707,1999503
"Manitoba","28-09-2021",1880,2001383
"Manitoba","29-09-2021",2669,2004052
"Manitoba","30-09-2021",3746,2007798
"Manitoba","01-10-2021",2810,2010608
"Manitoba","02-10-2021",3406,2014014
"Manitoba","03-10-2021",2310,2016324
"Manitoba","04-10-2021",698,2017022
"Manitoba","05-10-2021",1900,2018922
"Manitoba","06-10-2021",2299,2021221
"Manitoba","07-10-2021",4272,2025493
"Manitoba","08-10-2021",4873,2030366
"Manitoba","09-10-2021",4921,2035287
"Manitoba","10-10-2021",3779,2039066
"Manitoba","11-10-2021",675,2039741
"Manitoba","12-10-2021",349,2040090
"Manitoba","13-10-2021",3346,2043436
"Manitoba","14-10-2021",4501,2047937
"Manitoba","15-10-2021",4723,2052660
"Manitoba","16-10-2021",4497,2057157
"Manitoba","17-10-2021",2860,2060017
"Manitoba","18-10-2021",714,2060731
"Manitoba","19-10-2021",1837,2062568
"Manitoba","20-10-2021",2413,2064981
"Manitoba","21-10-2021",3601,2068582
"Manitoba","22-10-2021",4384,2072966
"Manitoba","23-10-2021",3193,2076159
"Manitoba","24-10-2021",2077,2078236
"Manitoba","25-10-2021",588,2078824
"Manitoba","26-10-2021",1853,2080677
"Manitoba","27-10-2021",2882,2083559
"Manitoba","28-10-2021",3311,2086870
"Manitoba","29-10-2021",3605,2090475
"Manitoba","30-10-2021",3203,2093678
"Manitoba","31-10-2021",1853,2095531
"Manitoba","01-11-2021",512,2096043
"Manitoba","02-11-2021",1890,2097933
"Manitoba","03-11-2021",2324,2100257
"Manitoba","04-11-2021",4338,2104595
"Manitoba","05-11-2021",3633,2108228
"Manitoba","06-11-2021",3587,2111815
"Manitoba","07-11-2021",2107,2113922
"Manitoba","08-11-2021",366,2114288
"Manitoba","09-11-2021",2765,2117053
"Manitoba","10-11-2021",3195,2120248
"Manitoba","11-11-2021",3807,2124055
"Manitoba","12-11-2021",1017,2125072
"Manitoba","13-11-2021",2637,2127709
"Manitoba","14-11-2021",1540,2129249
"Manitoba","15-11-2021",457,2129706
"Manitoba","16-11-2021",2211,2131917
"Manitoba","17-11-2021",2363,2134280
"Manitoba","18-11-2021",2697,2136977
"Manitoba","19-11-2021",2905,2139882
"Manitoba","20-11-2021",3088,2142970
"Manitoba","21-11-2021",1651,2144621
"Manitoba","22-11-2021",455,2145076
"Manitoba","23-11-2021",2196,2147272
"Manitoba","24-11-2021",2901,2150173
"Manitoba","25-11-2021",3145,2153318
"Manitoba","26-11-2021",4799,2158117
"Manitoba","27-11-2021",6849,2164966
"Manitoba","28-11-2021",6040,2171006
"Manitoba","29-11-2021",2990,2173996
"Manitoba","30-11-2021",5274,2179270
"Manitoba","01-12-2021",6448,2185718
"Manitoba","02-12-2021",7385,2193103
"Manitoba","03-12-2021",7752,2200855
"Manitoba","04-12-2021",6715,2207570
"Manitoba","05-12-2021",7087,2214657
"Manitoba","06-12-2021",2766,2217423
"Manitoba","07-12-2021",6692,2224115
"Manitoba","08-12-2021",7097,2231212
"Manitoba","09-12-2021",8079,2239291
"Manitoba","10-12-2021",7841,2247132
"Manitoba","11-12-2021",9176,2256308
"Manitoba","12-12-2021",8882,2265190
"Manitoba","13-12-2021",4231,2269421
"Manitoba","14-12-2021",9667,2279088
"Manitoba","15-12-2021",10553,2289641
"Manitoba","16-12-2021",12082,2301723
"Manitoba","17-12-2021",10735,2312458
"Manitoba","18-12-2021",0,2312458
"Manitoba","19-12-2021",0,2312458
"Manitoba","20-12-2021",33198,2345656
"Manitoba","21-12-2021",14352,2360008
"Manitoba","22-12-2021",18882,2378890
"Manitoba","23-12-2021",16258,2395148
"Manitoba","24-12-2021",12562,2407710
"Manitoba","25-12-2021",0,2407710
"Manitoba","26-12-2021",0,2407710
"Manitoba","27-12-2021",9571,2417281
"Manitoba","28-12-2021",0,2417281
"Manitoba","29-12-2021",30001,2447282
"Manitoba","30-12-2021",9769,2457051
"Manitoba","31-12-2021",17393,2474444
"Manitoba","01-01-2022",0,2474444
"Manitoba","02-01-2022",0,2474444
"Manitoba","03-01-2022",0,2474444
"Manitoba","04-01-2022",28927,2503371
"Manitoba","05-01-2022",12107,2515478
"Manitoba","06-01-2022",17825,2533303
"Manitoba","07-01-2022",14920,2548223
"Manitoba","08-01-2022",0,2548223
"Manitoba","09-01-2022",0,2548223
"Manitoba","10-01-2022",29395,2577618
"Manitoba","11-01-2022",10723,2588341
"Manitoba","12-01-2022",12803,2601144
"Manitoba","13-01-2022",11977,2613121
"Manitoba","14-01-2022",11448,2624569
"Manitoba","15-01-2022",0,2624569
"Manitoba","16-01-2022",0,2624569
"Manitoba","17-01-2022",28243,2652812
"Manitoba","18-01-2022",9462,2662274
"Manitoba","19-01-2022",10353,2672627
"Manitoba","20-01-2022",8531,2681158
"Manitoba","21-01-2022",7244,2688402
"Manitoba","22-01-2022",0,2688402
"Manitoba","23-01-2022",0,2688402
"Manitoba","24-01-2022",19889,2708291
"Manitoba","25-01-2022",5239,2713530
"Manitoba","26-01-2022",5917,2719447
"Manitoba","27-01-2022",5983,2725430
"Manitoba","28-01-2022",6744,2732174
"Manitoba","29-01-2022",0,2732174
"Manitoba","30-01-2022",0,2732174
"Manitoba","31-01-2022",14438,2746612
"Manitoba","01-02-2022",3812,2750424
"Manitoba","02-02-2022",3922,2754346
"Manitoba","03-02-2022",5297,2759643
"Manitoba","04-02-2022",5159,2764802
"Manitoba","05-02-2022",0,2764802
"Manitoba","06-02-2022",0,2764802
"Manitoba","07-02-2022",13615,2778417
"Manitoba","08-02-2022",2108,2780525
"Manitoba","09-02-2022",6587,2787112
"Manitoba","10-02-2022",4401,2791513
"Manitoba","11-02-2022",4279,2795792
"Manitoba","12-02-2022",0,2795792
"Manitoba","13-02-2022",0,2795792
"Manitoba","14-02-2022",8817,2804609
"Manitoba","15-02-2022",2744,2807353
"Manitoba","16-02-2022",2988,2810341
"Manitoba","17-02-2022",3852,2814193
"Manitoba","18-02-2022",4122,2818315
"Manitoba","19-02-2022",0,2818315
"Manitoba","20-02-2022",0,2818315
"Manitoba","21-02-2022",0,2818315
"Manitoba","22-02-2022",5951,2824266
"Manitoba","23-02-2022",1600,2825866
"Manitoba","24-02-2022",2337,2828203
"Manitoba","25-02-2022",2365,2830568
"Manitoba","26-02-2022",0,2830568
"Manitoba","27-02-2022",0,2830568
"Manitoba","28-02-2022",4246,2834814
"Manitoba","01-03-2022",1134,2835948
"Manitoba","02-03-2022",1366,2837314
"Manitoba","03-03-2022",1587,2838901
"Manitoba","04-03-2022",1410,2840311
"Manitoba","05-03-2022",0,2840311
"Manitoba","06-03-2022",0,2840311
"Manitoba","07-03-2022",3256,2843567
"Manitoba","08-03-2022",624,2844191
"Manitoba","09-03-2022",1247,2845438
"Manitoba","10-03-2022",1005,2846443
"Manitoba","11-03-2022",1196,2847639
"Manitoba","12-03-2022",0,2847639
"Manitoba","13-03-2022",0,2847639
"Manitoba","14-03-2022",2368,2850007
"Manitoba","15-03-2022",666,2850673
"Manitoba","16-03-2022",667,2851340
"Manitoba","17-03-2022",1050,2852390
"Manitoba","18-03-2022",1247,2853637
"Manitoba","19-03-2022",0,2853637
"Manitoba","20-03-2022",0,2853637
"Manitoba","21-03-2022",2609,2856246
"Manitoba","22-03-2022",595,2856841
"New Brunswick","14-12-2020",0,0
"New Brunswick","15-12-2020",0,0
"New Brunswick","16-12-2020",0,0
"New Brunswick","17-12-2020",0,0
"New Brunswick","18-12-2020",0,0
"New Brunswick","19-12-2020",5,5
"New Brunswick","20-12-2020",0,5
"New Brunswick","21-12-2020",1866,1871
"New Brunswick","22-12-2020",0,1871
"New Brunswick","23-12-2020",0,1871
"New Brunswick","24-12-2020",0,1871
"New Brunswick","25-12-2020",0,1871
"New Brunswick","26-12-2020",0,1871
"New Brunswick","27-12-2020",0,1871
"New Brunswick","28-12-2020",1034,2905
"New Brunswick","29-12-2020",0,2905
"New Brunswick","30-12-2020",0,2905
"New Brunswick","31-12-2020",0,2905
"New Brunswick","01-01-2021",0,2905
"New Brunswick","02-01-2021",0,2905
"New Brunswick","03-01-2021",0,2905
"New Brunswick","04-01-2021",0,2905
"New Brunswick","05-01-2021",0,2905
"New Brunswick","06-01-2021",1200,4105
"New Brunswick","07-01-2021",914,5019
"New Brunswick","08-01-2021",0,5019
"New Brunswick","09-01-2021",0,5019
"New Brunswick","10-01-2021",0,5019
"New Brunswick","11-01-2021",2713,7732
"New Brunswick","12-01-2021",0,7732
"New Brunswick","13-01-2021",0,7732
"New Brunswick","14-01-2021",0,7732
"New Brunswick","15-01-2021",0,7732
"New Brunswick","16-01-2021",0,7732
"New Brunswick","17-01-2021",0,7732
"New Brunswick","18-01-2021",2704,10436
"New Brunswick","19-01-2021",0,10436
"New Brunswick","20-01-2021",0,10436
"New Brunswick","21-01-2021",0,10436
"New Brunswick","22-01-2021",0,10436
"New Brunswick","23-01-2021",0,10436
"New Brunswick","24-01-2021",0,10436
"New Brunswick","25-01-2021",3821,14257
"New Brunswick","26-01-2021",0,14257
"New Brunswick","27-01-2021",0,14257
"New Brunswick","28-01-2021",0,14257
"New Brunswick","29-01-2021",0,14257
"New Brunswick","30-01-2021",0,14257
"New Brunswick","31-01-2021",0,14257
"New Brunswick","01-02-2021",3020,17277
"New Brunswick","02-02-2021",0,17277
"New Brunswick","03-02-2021",0,17277
"New Brunswick","04-02-2021",0,17277
"New Brunswick","05-02-2021",0,17277
"New Brunswick","06-02-2021",0,17277
"New Brunswick","07-02-2021",0,17277
"New Brunswick","08-02-2021",1366,18643
"New Brunswick","09-02-2021",0,18643
"New Brunswick","10-02-2021",0,18643
"New Brunswick","11-02-2021",0,18643
"New Brunswick","12-02-2021",0,18643
"New Brunswick","13-02-2021",0,18643
"New Brunswick","14-02-2021",0,18643
"New Brunswick","15-02-2021",0,18643
"New Brunswick","16-02-2021",2539,21182
"New Brunswick","17-02-2021",0,21182
"New Brunswick","18-02-2021",0,21182
"New Brunswick","19-02-2021",0,21182
"New Brunswick","20-02-2021",0,21182
"New Brunswick","21-02-2021",0,21182
"New Brunswick","22-02-2021",5135,26317
"New Brunswick","23-02-2021",0,26317
"New Brunswick","24-02-2021",0,26317
"New Brunswick","25-02-2021",0,26317
"New Brunswick","26-02-2021",0,26317
"New Brunswick","27-02-2021",0,26317
"New Brunswick","28-02-2021",0,26317
"New Brunswick","01-03-2021",7424,33741
"New Brunswick","02-03-2021",0,33741
"New Brunswick","03-03-2021",0,33741
"New Brunswick","04-03-2021",0,33741
"New Brunswick","05-03-2021",0,33741
"New Brunswick","06-03-2021",0,33741
"New Brunswick","07-03-2021",0,33741
"New Brunswick","08-03-2021",4742,38483
"New Brunswick","09-03-2021",0,38483
"New Brunswick","10-03-2021",0,38483
"New Brunswick","11-03-2021",0,38483
"New Brunswick","12-03-2021",0,38483
"New Brunswick","13-03-2021",0,38483
"New Brunswick","14-03-2021",0,38483
"New Brunswick","15-03-2021",12871,51354
"New Brunswick","16-03-2021",0,51354
"New Brunswick","17-03-2021",2169,53523
"New Brunswick","18-03-2021",1305,54828
"New Brunswick","19-03-2021",840,55668
"New Brunswick","20-03-2021",2054,57722
"New Brunswick","21-03-2021",3384,61106
"New Brunswick","22-03-2021",2089,63195
"New Brunswick","23-03-2021",1157,64352
"New Brunswick","24-03-2021",2034,66386
"New Brunswick","25-03-2021",3574,69960
"New Brunswick","26-03-2021",6002,75962
"New Brunswick","27-03-2021",5102,81064
"New Brunswick","28-03-2021",6202,87266
"New Brunswick","29-03-2021",2916,90182
"New Brunswick","30-03-2021",1195,91377
"New Brunswick","31-03-2021",3878,95255
"New Brunswick","01-04-2021",5543,100798
"New Brunswick","02-04-2021",10142,110940
"New Brunswick","03-04-2021",5945,116885
"New Brunswick","04-04-2021",3788,120673
"New Brunswick","05-04-2021",1556,122229
"New Brunswick","06-04-2021",1893,124122
"New Brunswick","07-04-2021",5195,129317
"New Brunswick","08-04-2021",6485,135802
"New Brunswick","09-04-2021",7056,142858
"New Brunswick","10-04-2021",7248,150106
"New Brunswick","11-04-2021",1480,151586
"New Brunswick","12-04-2021",679,152265
"New Brunswick","13-04-2021",9398,161663
"New Brunswick","14-04-2021",5484,167147
"New Brunswick","15-04-2021",7087,174234
"New Brunswick","16-04-2021",8290,182524
"New Brunswick","17-04-2021",7936,190460
"New Brunswick","18-04-2021",6632,197092
"New Brunswick","19-04-2021",3495,200587
"New Brunswick","20-04-2021",3989,204576
"New Brunswick","21-04-2021",6554,211130
"New Brunswick","22-04-2021",7809,218939
"New Brunswick","23-04-2021",9065,228004
"New Brunswick","24-04-2021",8949,236953
"New Brunswick","25-04-2021",5459,242412
"New Brunswick","26-04-2021",2061,244473
"New Brunswick","27-04-2021",4091,248564
"New Brunswick","28-04-2021",4315,252879
"New Brunswick","29-04-2021",4178,257057
"New Brunswick","30-04-2021",5082,262139
"New Brunswick","01-05-2021",5523,267662
"New Brunswick","02-05-2021",2828,270490
"New Brunswick","03-05-2021",1401,271891
"New Brunswick","04-05-2021",3465,275356
"New Brunswick","05-05-2021",3903,279259
"New Brunswick","06-05-2021",5741,285000
"New Brunswick","07-05-2021",8550,293550
"New Brunswick","08-05-2021",8712,302262
"New Brunswick","09-05-2021",0,302262
"New Brunswick","10-05-2021",5953,308215
"New Brunswick","11-05-2021",3845,312060
"New Brunswick","12-05-2021",6438,318498
"New Brunswick","13-05-2021",9135,327633
"New Brunswick","14-05-2021",10494,338127
"New Brunswick","15-05-2021",11535,349662
"New Brunswick","16-05-2021",5792,355454
"New Brunswick","17-05-2021",1459,356913
"New Brunswick","18-05-2021",6429,363342
"New Brunswick","19-05-2021",9967,373309
"New Brunswick","20-05-2021",12649,385958
"New Brunswick","21-05-2021",13751,399709
"New Brunswick","22-05-2021",11762,411471
"New Brunswick","23-05-2021",8296,419767
"New Brunswick","24-05-2021",2243,422010
"New Brunswick","25-05-2021",1909,423919
"New Brunswick","26-05-2021",6265,430184
"New Brunswick","27-05-2021",10154,440338
"New Brunswick","28-05-2021",11025,451363
"New Brunswick","29-05-2021",9679,461042
"New Brunswick","30-05-2021",9080,470122
"New Brunswick","31-05-2021",4005,474127
"New Brunswick","01-06-2021",6656,480783
"New Brunswick","02-06-2021",8797,489580
"New Brunswick","03-06-2021",9910,499490
"New Brunswick","04-06-2021",12350,511840
"New Brunswick","05-06-2021",9059,520899
"New Brunswick","06-06-2021",3440,524339
"New Brunswick","07-06-2021",10461,534800
"New Brunswick","08-06-2021",4791,539591
"New Brunswick","09-06-2021",11534,551125
"New Brunswick","10-06-2021",9634,560759
"New Brunswick","11-06-2021",13631,574390
"New Brunswick","12-06-2021",9465,583855
"New Brunswick","13-06-2021",8655,592510
"New Brunswick","14-06-2021",3903,596413
"New Brunswick","15-06-2021",6481,602894
"New Brunswick","16-06-2021",9132,612026
"New Brunswick","17-06-2021",10755,622781
"New Brunswick","18-06-2021",13229,636010
"New Brunswick","19-06-2021",13100,649110
"New Brunswick","20-06-2021",9676,658786
"New Brunswick","21-06-2021",3601,662387
"New Brunswick","22-06-2021",6654,669041
"New Brunswick","23-06-2021",10675,679716
"New Brunswick","24-06-2021",13992,693708
"New Brunswick","25-06-2021",15019,708727
"New Brunswick","26-06-2021",16315,725042
"New Brunswick","27-06-2021",14938,739980
"New Brunswick","28-06-2021",6353,746333
"New Brunswick","29-06-2021",11759,758092
"New Brunswick","30-06-2021",14131,772223
"New Brunswick","01-07-2021",18827,791050
"New Brunswick","02-07-2021",8931,799981
"New Brunswick","03-07-2021",8970,808951
"New Brunswick","04-07-2021",8455,817406
"New Brunswick","05-07-2021",5579,822985
"New Brunswick","06-07-2021",9870,832855
"New Brunswick","07-07-2021",14743,847598
"New Brunswick","08-07-2021",14614,862212
"New Brunswick","09-07-2021",15726,877938
"New Brunswick","10-07-2021",12819,890757
"New Brunswick","11-07-2021",10004,900761
"New Brunswick","12-07-2021",4530,905291
"New Brunswick","13-07-2021",7847,913138
"New Brunswick","14-07-2021",11710,924848
"New Brunswick","15-07-2021",11963,936811
"New Brunswick","16-07-2021",14265,951076
"New Brunswick","17-07-2021",7842,958918
"New Brunswick","18-07-2021",1460,960378
"New Brunswick","19-07-2021",414,960792
"New Brunswick","20-07-2021",12774,973566
"New Brunswick","21-07-2021",7561,981127
"New Brunswick","22-07-2021",8302,989429
"New Brunswick","23-07-2021",8369,997798
"New Brunswick","24-07-2021",7303,1005101
"New Brunswick","25-07-2021",5447,1010548
"New Brunswick","26-07-2021",1352,1011900
"New Brunswick","27-07-2021",2451,1014351
"New Brunswick","28-07-2021",5583,1019934
"New Brunswick","29-07-2021",5913,1025847
"New Brunswick","30-07-2021",5592,1031439
"New Brunswick","31-07-2021",0,1031439
"New Brunswick","01-08-2021",9435,1040874
"New Brunswick","02-08-2021",0,1040874
"New Brunswick","03-08-2021",2020,1042894
"New Brunswick","04-08-2021",1258,1044152
"New Brunswick","05-08-2021",3715,1047867
"New Brunswick","06-08-2021",3700,1051567
"New Brunswick","07-08-2021",0,1051567
"New Brunswick","08-08-2021",0,1051567
"New Brunswick","09-08-2021",6593,1058160
"New Brunswick","10-08-2021",1510,1059670
"New Brunswick","11-08-2021",2155,1061825
"New Brunswick","12-08-2021",3086,1064911
"New Brunswick","13-08-2021",3590,1068501
"New Brunswick","14-08-2021",0,1068501
"New Brunswick","15-08-2021",0,1068501
"New Brunswick","16-08-2021",5018,1073519
"New Brunswick","17-08-2021",612,1074131
"New Brunswick","18-08-2021",3740,1077871
"New Brunswick","19-08-2021",1884,1079755
"New Brunswick","20-08-2021",2814,1082569
"New Brunswick","21-08-2021",0,1082569
"New Brunswick","22-08-2021",0,1082569
"New Brunswick","23-08-2021",4086,1086655
"New Brunswick","24-08-2021",10682,1097337
"New Brunswick","25-08-2021",2570,1099907
"New Brunswick","26-08-2021",1590,1101497
"New Brunswick","27-08-2021",2645,1104142
"New Brunswick","28-08-2021",0,1104142
"New Brunswick","29-08-2021",0,1104142
"New Brunswick","30-08-2021",6017,1110159
"New Brunswick","31-08-2021",2297,1112456
"New Brunswick","01-09-2021",2958,1115414
"New Brunswick","02-09-2021",1452,1116866
"New Brunswick","03-09-2021",2455,1119321
"New Brunswick","04-09-2021",0,1119321
"New Brunswick","05-09-2021",0,1119321
"New Brunswick","06-09-2021",0,1119321
"New Brunswick","07-09-2021",3914,1123235
"New Brunswick","08-09-2021",981,1124216
"New Brunswick","09-09-2021",1164,1125380
"New Brunswick","10-09-2021",2042,1127422
"New Brunswick","11-09-2021",0,1127422
"New Brunswick","12-09-2021",0,1127422
"New Brunswick","13-09-2021",4053,1131475
"New Brunswick","14-09-2021",608,1132083
"New Brunswick","15-09-2021",2070,1134153
"New Brunswick","16-09-2021",951,1135104
"New Brunswick","17-09-2021",3777,1138881
"New Brunswick","18-09-2021",0,1138881
"New Brunswick","19-09-2021",0,1138881
"New Brunswick","20-09-2021",5045,1143926
"New Brunswick","21-09-2021",1518,1145444
"New Brunswick","22-09-2021",2337,1147781
"New Brunswick","23-09-2021",4552,1152333
"New Brunswick","24-09-2021",3560,1155893
"New Brunswick","25-09-2021",4022,1159915
"New Brunswick","26-09-2021",4370,1164285
"New Brunswick","27-09-2021",1378,1165663
"New Brunswick","28-09-2021",3765,1169428
"New Brunswick","29-09-2021",3837,1173265
"New Brunswick","30-09-2021",2849,1176114
"New Brunswick","01-10-2021",3067,1179181
"New Brunswick","02-10-2021",2740,1181921
"New Brunswick","03-10-2021",1515,1183436
"New Brunswick","04-10-2021",934,1184370
"New Brunswick","05-10-2021",2349,1186719
"New Brunswick","06-10-2021",2189,1188908
"New Brunswick","07-10-2021",2874,1191782
"New Brunswick","08-10-2021",1626,1193408
"New Brunswick","09-10-2021",2854,1196262
"New Brunswick","10-10-2021",1723,1197985
"New Brunswick","11-10-2021",898,1198883
"New Brunswick","12-10-2021",1088,1199971
"New Brunswick","13-10-2021",1313,1201284
"New Brunswick","14-10-2021",1894,1203178
"New Brunswick","15-10-2021",3566,1206744
"New Brunswick","16-10-2021",2776,1209520
"New Brunswick","17-10-2021",1234,1210754
"New Brunswick","18-10-2021",721,1211475
"New Brunswick","19-10-2021",2318,1213793
"New Brunswick","20-10-2021",2208,1216001
"New Brunswick","21-10-2021",2326,1218327
"New Brunswick","22-10-2021",2477,1220804
"New Brunswick","23-10-2021",2205,1223009
"New Brunswick","24-10-2021",1430,1224439
"New Brunswick","25-10-2021",1638,1226077
"New Brunswick","26-10-2021",967,1227044
"New Brunswick","27-10-2021",2302,1229346
"New Brunswick","28-10-2021",2171,1231517
"New Brunswick","29-10-2021",2189,1233706
"New Brunswick","30-10-2021",1173,1234879
"New Brunswick","31-10-2021",1453,1236332
"New Brunswick","01-11-2021",650,1236982
"New Brunswick","02-11-2021",1291,1238273
"New Brunswick","03-11-2021",1033,1239306
"New Brunswick","04-11-2021",1095,1240401
"New Brunswick","05-11-2021",1773,1242174
"New Brunswick","06-11-2021",1210,1243384
"New Brunswick","07-11-2021",1280,1244664
"New Brunswick","08-11-2021",529,1245193
"New Brunswick","09-11-2021",994,1246187
"New Brunswick","10-11-2021",1044,1247231
"New Brunswick","11-11-2021",1580,1248811
"New Brunswick","12-11-2021",13,1248824
"New Brunswick","13-11-2021",1360,1250184
"New Brunswick","14-11-2021",1302,1251486
"New Brunswick","15-11-2021",345,1251831
"New Brunswick","16-11-2021",1180,1253011
"New Brunswick","17-11-2021",1835,1254846
"New Brunswick","18-11-2021",726,1255572
"New Brunswick","19-11-2021",1644,1257216
"New Brunswick","20-11-2021",665,1257881
"New Brunswick","21-11-2021",1014,1258895
"New Brunswick","22-11-2021",417,1259312
"New Brunswick","23-11-2021",346,1259658
"New Brunswick","24-11-2021",874,1260532
"New Brunswick","25-11-2021",1307,1261839
"New Brunswick","26-11-2021",750,1262589
"New Brunswick","27-11-2021",1625,1264214
"New Brunswick","28-11-2021",1915,1266129
"New Brunswick","29-11-2021",-3524,1262605
"New Brunswick","30-11-2021",1144,1263749
"New Brunswick","01-12-2021",1793,1265542
"New Brunswick","02-12-2021",1741,1267283
"New Brunswick","03-12-2021",1293,1268576
"New Brunswick","04-12-2021",514,1269090
"New Brunswick","05-12-2021",1776,1270866
"New Brunswick","06-12-2021",1433,1272299
"New Brunswick","07-12-2021",1101,1273400
"New Brunswick","08-12-2021",2125,1275525
"New Brunswick","09-12-2021",1633,1277158
"New Brunswick","10-12-2021",65222,1342380
"New Brunswick","11-12-2021",3992,1346372
"New Brunswick","12-12-2021",0,1346372
"New Brunswick","13-12-2021",5682,1352054
"New Brunswick","14-12-2021",4332,1356386
"New Brunswick","15-12-2021",5811,1362197
"New Brunswick","16-12-2021",8259,1370456
"New Brunswick","17-12-2021",7266,1377722
"New Brunswick","18-12-2021",8185,1385907
"New Brunswick","19-12-2021",5180,1391087
"New Brunswick","20-12-2021",5825,1396912
"New Brunswick","21-12-2021",7058,1403970
"New Brunswick","22-12-2021",7223,1411193
"New Brunswick","23-12-2021",10214,1421407
"New Brunswick","24-12-2021",8444,1429851
"New Brunswick","25-12-2021",0,1429851
"New Brunswick","26-12-2021",0,1429851
"New Brunswick","27-12-2021",4404,1434255
"New Brunswick","28-12-2021",620,1434875
"New Brunswick","29-12-2021",2800,1437675
"New Brunswick","30-12-2021",7514,1445189
"New Brunswick","31-12-2021",6856,1452045
"New Brunswick","01-01-2022",0,1452045
"New Brunswick","02-01-2022",0,1452045
"New Brunswick","03-01-2022",7460,1459505
"New Brunswick","04-01-2022",1013,1460518
"New Brunswick","05-01-2022",5587,1466105
"New Brunswick","06-01-2022",6333,1472438
"New Brunswick","07-01-2022",8613,1481051
"New Brunswick","08-01-2022",7764,1488815
"New Brunswick","09-01-2022",7608,1496423
"New Brunswick","10-01-2022",4256,1500679
"New Brunswick","11-01-2022",4795,1505474
"New Brunswick","12-01-2022",8343,1513817
"New Brunswick","13-01-2022",9803,1523620
"New Brunswick","14-01-2022",9390,1533010
"New Brunswick","15-01-2022",9062,1542072
"New Brunswick","16-01-2022",0,1542072
"New Brunswick","17-01-2022",0,1542072
"New Brunswick","18-01-2022",14997,1557069
"New Brunswick","19-01-2022",8033,1565102
"New Brunswick","20-01-2022",10130,1575232
"New Brunswick","21-01-2022",11065,1586297
"New Brunswick","22-01-2022",9708,1596005
"New Brunswick","23-01-2022",7868,1603873
"New Brunswick","24-01-2022",3626,1607499
"New Brunswick","25-01-2022",7086,1614585
"New Brunswick","26-01-2022",8029,1622614
"New Brunswick","27-01-2022",8291,1630905
"New Brunswick","28-01-2022",8749,1639654
"New Brunswick","29-01-2022",8935,1648589
"New Brunswick","30-01-2022",4909,1653498
"New Brunswick","31-01-2022",2458,1655956
"New Brunswick","01-02-2022",3072,1659028
"New Brunswick","02-02-2022",4594,1663622
"New Brunswick","03-02-2022",4772,1668394
"New Brunswick","04-02-2022",5999,1674393
"New Brunswick","05-02-2022",3279,1677672
"New Brunswick","06-02-2022",3442,1681114
"New Brunswick","07-02-2022",2438,1683552
"New Brunswick","08-02-2022",1903,1685455
"New Brunswick","09-02-2022",2225,1687680
"New Brunswick","10-02-2022",2744,1690424
"New Brunswick","11-02-2022",3081,1693505
"New Brunswick","12-02-2022",2705,1696210
"New Brunswick","13-02-2022",2914,1699124
"New Brunswick","14-02-2022",1470,1700594
"New Brunswick","15-02-2022",1781,1702375
"New Brunswick","16-02-2022",2747,1705122
"New Brunswick","17-02-2022",2963,1708085
"New Brunswick","18-02-2022",2210,1710295
"New Brunswick","19-02-2022",0,1710295
"New Brunswick","20-02-2022",0,1710295
"New Brunswick","21-02-2022",0,1710295
"New Brunswick","22-02-2022",7399,1717694
"New Brunswick","23-02-2022",1407,1719101
"New Brunswick","24-02-2022",1241,1720342
"New Brunswick","25-02-2022",1946,1722288
"New Brunswick","26-02-2022",0,1722288
"New Brunswick","27-02-2022",0,1722288
"New Brunswick","28-02-2022",2696,1724984
"New Brunswick","01-03-2022",1265,1726249
"New Brunswick","02-03-2022",1070,1727319
"New Brunswick","03-03-2022",726,1728045
"New Brunswick","04-03-2022",1043,1729088
"New Brunswick","05-03-2022",0,1729088
"New Brunswick","06-03-2022",0,1729088
"New Brunswick","07-03-2022",1620,1730708
"New Brunswick","08-03-2022",229,1730937
"New Brunswick","09-03-2022",530,1731467
"New Brunswick","10-03-2022",727,1732194
"New Brunswick","11-03-2022",1047,1733241
"New Brunswick","12-03-2022",0,1733241
"New Brunswick","13-03-2022",0,1733241
"New Brunswick","14-03-2022",0,1733241
"New Brunswick","15-03-2022",1191,1734432
"New Brunswick","16-03-2022",0,1734432
"New Brunswick","17-03-2022",0,1734432
"New Brunswick","18-03-2022",0,1734432
"New Brunswick","19-03-2022",0,1734432
"New Brunswick","20-03-2022",0,1734432
"New Brunswick","21-03-2022",0,1734432
"New Brunswick","22-03-2022",3209,1737641
"NL","14-12-2020",0,0
"NL","15-12-2020",0,0
"NL","16-12-2020",2,2
"NL","17-12-2020",13,15
"NL","18-12-2020",160,175
"NL","19-12-2020",0,175
"NL","20-12-2020",0,175
"NL","21-12-2020",797,972
"NL","22-12-2020",0,972
"NL","23-12-2020",813,1785
"NL","24-12-2020",0,1785
"NL","25-12-2020",0,1785
"NL","26-12-2020",0,1785
"NL","27-12-2020",0,1785
"NL","28-12-2020",0,1785
"NL","29-12-2020",0,1785
"NL","30-12-2020",0,1785
"NL","31-12-2020",0,1785
"NL","01-01-2021",0,1785
"NL","02-01-2021",0,1785
"NL","03-01-2021",0,1785
"NL","04-01-2021",0,1785
"NL","05-01-2021",0,1785
"NL","06-01-2021",0,1785
"NL","07-01-2021",0,1785
"NL","08-01-2021",0,1785
"NL","09-01-2021",0,1785
"NL","10-01-2021",0,1785
"NL","11-01-2021",1975,3760
"NL","12-01-2021",0,3760
"NL","13-01-2021",1531,5291
"NL","14-01-2021",0,5291
"NL","15-01-2021",0,5291
"NL","16-01-2021",0,5291
"NL","17-01-2021",0,5291
"NL","18-01-2021",0,5291
"NL","19-01-2021",0,5291
"NL","20-01-2021",3258,8549
"NL","21-01-2021",0,8549
"NL","22-01-2021",0,8549
"NL","23-01-2021",0,8549
"NL","24-01-2021",0,8549
"NL","25-01-2021",0,8549
"NL","26-01-2021",0,8549
"NL","27-01-2021",1531,10080
"NL","28-01-2021",0,10080
"NL","29-01-2021",0,10080
"NL","30-01-2021",0,10080
"NL","31-01-2021",0,10080
"NL","01-02-2021",0,10080
"NL","02-02-2021",0,10080
"NL","03-02-2021",2516,12596
"NL","04-02-2021",0,12596
"NL","05-02-2021",0,12596
"NL","06-02-2021",0,12596
"NL","07-02-2021",0,12596
"NL","08-02-2021",0,12596
"NL","09-02-2021",0,12596
"NL","10-02-2021",1424,14020
"NL","11-02-2021",667,14687
"NL","12-02-2021",0,14687
"NL","13-02-2021",0,14687
"NL","14-02-2021",0,14687
"NL","15-02-2021",0,14687
"NL","16-02-2021",0,14687
"NL","17-02-2021",1771,16458
"NL","18-02-2021",0,16458
"NL","19-02-2021",0,16458
"NL","20-02-2021",0,16458
"NL","21-02-2021",0,16458
"NL","22-02-2021",0,16458
"NL","23-02-2021",0,16458
"NL","24-02-2021",3827,20285
"NL","25-02-2021",0,20285
"NL","26-02-2021",0,20285
"NL","27-02-2021",0,20285
"NL","28-02-2021",0,20285
"NL","01-03-2021",0,20285
"NL","02-03-2021",0,20285
"NL","03-03-2021",4472,24757
"NL","04-03-2021",0,24757
"NL","05-03-2021",0,24757
"NL","06-03-2021",0,24757
"NL","07-03-2021",0,24757
"NL","08-03-2021",0,24757
"NL","09-03-2021",0,24757
"NL","10-03-2021",8864,33621
"NL","11-03-2021",0,33621
"NL","12-03-2021",0,33621
"NL","13-03-2021",0,33621
"NL","14-03-2021",0,33621
"NL","15-03-2021",0,33621
"NL","16-03-2021",0,33621
"NL","17-03-2021",0,33621
"NL","18-03-2021",12432,46053
"NL","19-03-2021",0,46053
"NL","20-03-2021",0,46053
"NL","21-03-2021",0,46053
"NL","22-03-2021",0,46053
"NL","23-03-2021",0,46053
"NL","24-03-2021",9178,55231
"NL","25-03-2021",0,55231
"NL","26-03-2021",0,55231
"NL","27-03-2021",0,55231
"NL","28-03-2021",0,55231
"NL","29-03-2021",0,55231
"NL","30-03-2021",0,55231
"NL","31-03-2021",13720,68951
"NL","01-04-2021",0,68951
"NL","02-04-2021",0,68951
"NL","03-04-2021",0,68951
"NL","04-04-2021",0,68951
"NL","05-04-2021",0,68951
"NL","06-04-2021",21624,90575
"NL","07-04-2021",1660,92235
"NL","08-04-2021",0,92235
"NL","09-04-2021",13417,105652
"NL","10-04-2021",0,105652
"NL","11-04-2021",0,105652
"NL","12-04-2021",4395,110047
"NL","13-04-2021",2290,112337
"NL","14-04-2021",3061,115398
"NL","15-04-2021",6851,122249
"NL","16-04-2021",3233,125482
"NL","17-04-2021",0,125482
"NL","18-04-2021",0,125482
"NL","19-04-2021",10867,136349
"NL","20-04-2021",2073,138422
"NL","21-04-2021",2612,141034
"NL","22-04-2021",3813,144847
"NL","23-04-2021",5777,150624
"NL","24-04-2021",0,150624
"NL","25-04-2021",6494,157118
"NL","26-04-2021",7666,164784
"NL","27-04-2021",1263,166047
"NL","28-04-2021",1255,167302
"NL","29-04-2021",2776,170078
"NL","30-04-2021",3349,173427
"NL","01-05-2021",3963,177390
"NL","02-05-2021",2916,180306
"NL","03-05-2021",1347,181653
"NL","04-05-2021",3562,185215
"NL","05-05-2021",2989,188204
"NL","06-05-2021",0,188204
"NL","07-05-2021",2926,191130
"NL","08-05-2021",9461,200591
"NL","09-05-2021",1631,202222
"NL","10-05-2021",3680,205902
"NL","11-05-2021",3836,209738
"NL","12-05-2021",3940,213678
"NL","13-05-2021",6148,219826
"NL","14-05-2021",5633,225459
"NL","15-05-2021",6757,232216
"NL","16-05-2021",3435,235651
"NL","17-05-2021",2135,237786
"NL","18-05-2021",3740,241526
"NL","19-05-2021",6202,247728
"NL","20-05-2021",6062,253790
"NL","21-05-2021",7129,260919
"NL","22-05-2021",0,260919
"NL","23-05-2021",9730,270649
"NL","24-05-2021",0,270649
"NL","25-05-2021",4291,274940
"NL","26-05-2021",4946,279886
"NL","27-05-2021",6135,286021
"NL","28-05-2021",5554,291575
"NL","29-05-2021",6298,297873
"NL","30-05-2021",3458,301331
"NL","31-05-2021",2171,303502
"NL","01-06-2021",4750,308252
"NL","02-06-2021",5372,313624
"NL","03-06-2021",4934,318558
"NL","04-06-2021",6323,324881
"NL","05-06-2021",5222,330103
"NL","06-06-2021",5490,335593
"NL","07-06-2021",2122,337715
"NL","08-06-2021",3399,341114
"NL","09-06-2021",4629,345743
"NL","10-06-2021",5401,351144
"NL","11-06-2021",7561,358705
"NL","12-06-2021",0,358705
"NL","13-06-2021",10455,369160
"NL","14-06-2021",4010,373170
"NL","15-06-2021",5744,378914
"NL","16-06-2021",7534,386448
"NL","17-06-2021",6950,393398
"NL","18-06-2021",10657,404055
"NL","19-06-2021",0,404055
"NL","20-06-2021",0,404055
"NL","21-06-2021",0,404055
"NL","22-06-2021",15040,419095
"NL","23-06-2021",6745,425840
"NL","24-06-2021",7721,433561
"NL","25-06-2021",8131,441692
"NL","26-06-2021",0,441692
"NL","27-06-2021",0,441692
"NL","28-06-2021",18688,460380
"NL","29-06-2021",5818,466198
"NL","30-06-2021",9303,475501
"NL","01-07-2021",0,475501
"NL","02-07-2021",14121,489622
"NL","03-07-2021",0,489622
"NL","04-07-2021",0,489622
"NL","05-07-2021",10260,499882
"NL","06-07-2021",5693,505575
"NL","07-07-2021",12034,517609
"NL","08-07-2021",8979,526588
"NL","09-07-2021",11011,537599
"NL","10-07-2021",0,537599
"NL","11-07-2021",0,537599
"NL","12-07-2021",0,537599
"NL","13-07-2021",16801,554400
"NL","14-07-2021",10849,565249
"NL","15-07-2021",11183,576432
"NL","16-07-2021",6446,582878
"NL","17-07-2021",0,582878
"NL","18-07-2021",0,582878
"NL","19-07-2021",10635,593513
"NL","20-07-2021",6507,600020
"NL","21-07-2021",8605,608625
"NL","22-07-2021",8897,617522
"NL","23-07-2021",7480,625002
"NL","24-07-2021",0,625002
"NL","25-07-2021",0,625002
"NL","26-07-2021",11284,636286
"NL","27-07-2021",6138,642424
"NL","28-07-2021",5659,648083
"NL","29-07-2021",0,648083
"NL","30-07-2021",14523,662606
"NL","31-07-2021",0,662606
"NL","01-08-2021",0,662606
"NL","02-08-2021",10761,673367
"NL","03-08-2021",5482,678849
"NL","04-08-2021",0,678849
"NL","05-08-2021",12457,691306
"NL","06-08-2021",7089,698395
"NL","07-08-2021",0,698395
"NL","08-08-2021",0,698395
"NL","09-08-2021",9376,707771
"NL","10-08-2021",0,707771
"NL","11-08-2021",11382,719153
"NL","12-08-2021",4884,724037
"NL","13-08-2021",6103,730140
"NL","14-08-2021",0,730140
"NL","15-08-2021",0,730140
"NL","16-08-2021",0,730140
"NL","17-08-2021",17036,747176
"NL","18-08-2021",4824,752000
"NL","19-08-2021",3985,755985
"NL","20-08-2021",4160,760145
"NL","21-08-2021",0,760145
"NL","22-08-2021",0,760145
"NL","23-08-2021",4669,764814
"NL","24-08-2021",2240,767054
"NL","25-08-2021",0,767054
"NL","26-08-2021",6016,773070
"NL","27-08-2021",3327,776397
"NL","28-08-2021",0,776397
"NL","29-08-2021",0,776397
"NL","30-08-2021",3971,780368
"NL","31-08-2021",0,780368
"NL","01-09-2021",4724,785092
"NL","02-09-2021",0,785092
"NL","03-09-2021",3628,788720
"NL","04-09-2021",0,788720
"NL","05-09-2021",0,788720
"NL","06-09-2021",0,788720
"NL","07-09-2021",1713,790433
"NL","08-09-2021",1541,791974
"NL","09-09-2021",1508,793482
"NL","10-09-2021",2064,795546
"NL","11-09-2021",0,795546
"NL","12-09-2021",0,795546
"NL","13-09-2021",1603,797149
"NL","14-09-2021",0,797149
"NL","15-09-2021",970,798119
"NL","16-09-2021",2297,800416
"NL","17-09-2021",2231,802647
"NL","18-09-2021",0,802647
"NL","19-09-2021",0,802647
"NL","20-09-2021",888,803535
"NL","21-09-2021",801,804336
"NL","22-09-2021",1339,805675
"NL","23-09-2021",0,805675
"NL","24-09-2021",3367,809042
"NL","25-09-2021",0,809042
"NL","26-09-2021",0,809042
"NL","27-09-2021",2027,811069
"NL","28-09-2021",936,812005
"NL","29-09-2021",1503,813508
"NL","30-09-2021",0,813508
"NL","01-10-2021",5786,819294
"NL","02-10-2021",0,819294
"NL","03-10-2021",0,819294
"NL","04-10-2021",2243,821537
"NL","05-10-2021",1148,822685
"NL","06-10-2021",2187,824872
"NL","07-10-2021",2052,826924
"NL","08-10-2021",2585,829509
"NL","09-10-2021",0,829509
"NL","10-10-2021",0,829509
"NL","11-10-2021",0,829509
"NL","12-10-2021",5485,834994
"NL","13-10-2021",503,835497
"NL","14-10-2021",3026,838523
"NL","15-10-2021",3385,841908
"NL","16-10-2021",0,841908
"NL","17-10-2021",0,841908
"NL","18-10-2021",2503,844411
"NL","19-10-2021",2154,846565
"NL","20-10-2021",0,846565
"NL","21-10-2021",5857,852422
"NL","22-10-2021",3676,856098
"NL","23-10-2021",0,856098
"NL","24-10-2021",0,856098
"NL","25-10-2021",0,856098
"NL","26-10-2021",5380,861478
"NL","27-10-2021",0,861478
"NL","28-10-2021",4108,865586
"NL","29-10-2021",1965,867551
"NL","30-10-2021",0,867551
"NL","31-10-2021",0,867551
"NL","01-11-2021",0,867551
"NL","02-11-2021",0,867551
"NL","03-11-2021",0,867551
"NL","04-11-2021",6137,873688
"NL","05-11-2021",0,873688
"NL","06-11-2021",0,873688
"NL","07-11-2021",0,873688
"NL","08-11-2021",0,873688
"NL","09-11-2021",0,873688
"NL","10-11-2021",0,873688
"NL","11-11-2021",0,873688
"NL","12-11-2021",8095,881783
"NL","13-11-2021",0,881783
"NL","14-11-2021",0,881783
"NL","15-11-2021",0,881783
"NL","16-11-2021",4594,886377
"NL","17-11-2021",0,886377
"NL","18-11-2021",0,886377
"NL","19-11-2021",5473,891850
"NL","20-11-2021",0,891850
"NL","21-11-2021",0,891850
"NL","22-11-2021",0,891850
"NL","23-11-2021",2872,894722
"NL","24-11-2021",0,894722
"NL","25-11-2021",0,894722
"NL","26-11-2021",4112,898834
"NL","27-11-2021",0,898834
"NL","28-11-2021",0,898834
"NL","29-11-2021",0,898834
"NL","30-11-2021",7341,906175
"NL","01-12-2021",0,906175
"NL","02-12-2021",0,906175
"NL","03-12-2021",0,906175
"NL","04-12-2021",0,906175
"NL","05-12-2021",0,906175
"NL","06-12-2021",7463,913638
"NL","07-12-2021",5293,918931
"NL","08-12-2021",0,918931
"NL","09-12-2021",0,918931
"NL","10-12-2021",0,918931
"NL","11-12-2021",0,918931
"NL","12-12-2021",0,918931
"NL","13-12-2021",6467,925398
"NL","14-12-2021",5532,930930
"NL","15-12-2021",0,930930
"NL","16-12-2021",0,930930
"NL","17-12-2021",11091,942021
"NL","18-12-2021",0,942021
"NL","19-12-2021",0,942021
"NL","20-12-2021",0,942021
"NL","21-12-2021",0,942021
"NL","22-12-2021",15694,957715
"NL","23-12-2021",0,957715
"NL","24-12-2021",14202,971917
"NL","25-12-2021",0,971917
"NL","26-12-2021",0,971917
"NL","27-12-2021",0,971917
"NL","28-12-2021",0,971917
"NL","29-12-2021",0,971917
"NL","30-12-2021",16872,988789
"NL","31-12-2021",0,988789
"NL","01-01-2022",0,988789
"NL","02-01-2022",0,988789
"NL","03-01-2022",7505,996294
"NL","04-01-2022",8438,1004732
"NL","05-01-2022",0,1004732
"NL","06-01-2022",0,1004732
"NL","07-01-2022",0,1004732
"NL","08-01-2022",23137,1027869
"NL","09-01-2022",0,1027869
"NL","10-01-2022",0,1027869
"NL","11-01-2022",0,1027869
"NL","12-01-2022",22642,1050511
"NL","13-01-2022",0,1050511
"NL","14-01-2022",28961,1079472
"NL","15-01-2022",0,1079472
"NL","16-01-2022",0,1079472
"NL","17-01-2022",0,1079472
"NL","18-01-2022",21107,1100579
"NL","19-01-2022",0,1100579
"NL","20-01-2022",0,1100579
"NL","21-01-2022",0,1100579
"NL","22-01-2022",0,1100579
"NL","23-01-2022",0,1100579
"NL","24-01-2022",24284,1124863
"NL","25-01-2022",3063,1127926
"NL","26-01-2022",0,1127926
"NL","27-01-2022",18709,1146635
"NL","28-01-2022",0,1146635
"NL","29-01-2022",0,1146635
"NL","30-01-2022",0,1146635
"NL","31-01-2022",22049,1168684
"NL","01-02-2022",0,1168684
"NL","02-02-2022",0,1168684
"NL","03-02-2022",9180,1177864
"NL","04-02-2022",8510,1186374
"NL","05-02-2022",0,1186374
"NL","06-02-2022",0,1186374
"NL","07-02-2022",0,1186374
"NL","08-02-2022",9797,1196171
"NL","09-02-2022",4068,1200239
"NL","10-02-2022",3897,1204136
"NL","11-02-2022",0,1204136
"NL","12-02-2022",0,1204136
"NL","13-02-2022",0,1204136
"NL","14-02-2022",0,1204136
"NL","15-02-2022",10045,1214181
"NL","16-02-2022",0,1214181
"NL","17-02-2022",7848,1222029
"NL","18-02-2022",3207,1225236
"NL","19-02-2022",0,1225236
"NL","20-02-2022",0,1225236
"NL","21-02-2022",0,1225236
"NL","22-02-2022",0,1225236
"NL","23-02-2022",12254,1237490
"NL","24-02-2022",0,1237490
"NL","25-02-2022",5723,1243213
"NL","26-02-2022",0,1243213
"NL","27-02-2022",0,1243213
"NL","28-02-2022",5776,1248989
"NL","01-03-2022",0,1248989
"NL","02-03-2022",0,1248989
"NL","03-03-2022",0,1248989
"NL","04-03-2022",4467,1253456
"NL","05-03-2022",0,1253456
"NL","06-03-2022",0,1253456
"NL","07-03-2022",0,1253456
"NL","08-03-2022",0,1253456
"NL","09-03-2022",1828,1255284
"NL","10-03-2022",0,1255284
"NL","11-03-2022",1368,1256652
"NL","12-03-2022",0,1256652
"NL","13-03-2022",0,1256652
"NL","14-03-2022",0,1256652
"NL","15-03-2022",0,1256652
"NL","16-03-2022",0,1256652
"NL","17-03-2022",0,1256652
"NL","18-03-2022",0,1256652
"NL","19-03-2022",0,1256652
"NL","20-03-2022",0,1256652
"NL","21-03-2022",0,1256652
"NL","22-03-2022",0,1256652
"Nova Scotia","14-12-2020",0,0
"Nova Scotia","15-12-2020",0,0
"Nova Scotia","16-12-2020",376,376
"Nova Scotia","17-12-2020",0,376
"Nova Scotia","18-12-2020",0,376
"Nova Scotia","19-12-2020",0,376
"Nova Scotia","20-12-2020",0,376
"Nova Scotia","21-12-2020",1087,1463
"Nova Scotia","22-12-2020",0,1463
"Nova Scotia","23-12-2020",0,1463
"Nova Scotia","24-12-2020",0,1463
"Nova Scotia","25-12-2020",0,1463
"Nova Scotia","26-12-2020",0,1463
"Nova Scotia","27-12-2020",0,1463
"Nova Scotia","28-12-2020",0,1463
"Nova Scotia","29-12-2020",827,2290
"Nova Scotia","30-12-2020",306,2596
"Nova Scotia","31-12-2020",0,2596
"Nova Scotia","01-01-2021",0,2596
"Nova Scotia","02-01-2021",124,2720
"Nova Scotia","03-01-2021",0,2720
"Nova Scotia","04-01-2021",0,2720
"Nova Scotia","05-01-2021",0,2720
"Nova Scotia","06-01-2021",0,2720
"Nova Scotia","07-01-2021",0,2720
"Nova Scotia","08-01-2021",0,2720
"Nova Scotia","09-01-2021",1111,3831
"Nova Scotia","10-01-2021",0,3831
"Nova Scotia","11-01-2021",0,3831
"Nova Scotia","12-01-2021",0,3831
"Nova Scotia","13-01-2021",0,3831
"Nova Scotia","14-01-2021",0,3831
"Nova Scotia","15-01-2021",3769,7600
"Nova Scotia","16-01-2021",0,7600
"Nova Scotia","17-01-2021",0,7600
"Nova Scotia","18-01-2021",0,7600
"Nova Scotia","19-01-2021",920,8520
"Nova Scotia","20-01-2021",655,9175
"Nova Scotia","21-01-2021",652,9827
"Nova Scotia","22-01-2021",748,10575
"Nova Scotia","23-01-2021",0,10575
"Nova Scotia","24-01-2021",0,10575
"Nova Scotia","25-01-2021",508,11083
"Nova Scotia","26-01-2021",539,11622
"Nova Scotia","27-01-2021",664,12286
"Nova Scotia","28-01-2021",1218,13504
"Nova Scotia","29-01-2021",1085,14589
"Nova Scotia","30-01-2021",0,14589
"Nova Scotia","31-01-2021",0,14589
"Nova Scotia","01-02-2021",317,14906
"Nova Scotia","02-02-2021",259,15165
"Nova Scotia","03-02-2021",672,15837
"Nova Scotia","04-02-2021",611,16448
"Nova Scotia","05-02-2021",847,17295
"Nova Scotia","06-02-2021",0,17295
"Nova Scotia","07-02-2021",0,17295
"Nova Scotia","08-02-2021",924,18219
"Nova Scotia","09-02-2021",607,18826
"Nova Scotia","10-02-2021",1187,20013
"Nova Scotia","11-02-2021",1019,21032
"Nova Scotia","12-02-2021",1311,22343
"Nova Scotia","13-02-2021",0,22343
"Nova Scotia","14-02-2021",0,22343
"Nova Scotia","15-02-2021",0,22343
"Nova Scotia","16-02-2021",797,23140
"Nova Scotia","17-02-2021",909,24049
"Nova Scotia","18-02-2021",983,25032
"Nova Scotia","19-02-2021",0,25032
"Nova Scotia","20-02-2021",0,25032
"Nova Scotia","21-02-2021",0,25032
"Nova Scotia","22-02-2021",2489,27521
"Nova Scotia","23-02-2021",445,27966
"Nova Scotia","24-02-2021",1271,29237
"Nova Scotia","25-02-2021",1511,30748
"Nova Scotia","26-02-2021",1271,32019
"Nova Scotia","27-02-2021",0,32019
"Nova Scotia","28-02-2021",0,32019
"Nova Scotia","01-03-2021",837,32856
"Nova Scotia","02-03-2021",615,33471
"Nova Scotia","03-03-2021",1820,35291
"Nova Scotia","04-03-2021",2299,37590
"Nova Scotia","05-03-2021",1086,38676
"Nova Scotia","06-03-2021",0,38676
"Nova Scotia","07-03-2021",0,38676
"Nova Scotia","08-03-2021",768,39444
"Nova Scotia","09-03-2021",787,40231
"Nova Scotia","10-03-2021",2325,42556
"Nova Scotia","11-03-2021",2593,45149
"Nova Scotia","12-03-2021",1742,46891
"Nova Scotia","13-03-2021",0,46891
"Nova Scotia","14-03-2021",0,46891
"Nova Scotia","15-03-2021",1186,48077
"Nova Scotia","16-03-2021",2067,50144
"Nova Scotia","17-03-2021",2208,52352
"Nova Scotia","18-03-2021",2824,55176
"Nova Scotia","19-03-2021",2860,58036
"Nova Scotia","20-03-2021",0,58036
"Nova Scotia","21-03-2021",0,58036
"Nova Scotia","22-03-2021",0,58036
"Nova Scotia","23-03-2021",8251,66287
"Nova Scotia","24-03-2021",5446,71733
"Nova Scotia","25-03-2021",5698,77431
"Nova Scotia","26-03-2021",5717,83148
"Nova Scotia","27-03-2021",0,83148
"Nova Scotia","28-03-2021",0,83148
"Nova Scotia","29-03-2021",6046,89194
"Nova Scotia","30-03-2021",5179,94373
"Nova Scotia","31-03-2021",6459,100832
"Nova Scotia","01-04-2021",5791,106623
"Nova Scotia","02-04-2021",4780,111403
"Nova Scotia","03-04-2021",0,111403
"Nova Scotia","04-04-2021",0,111403
"Nova Scotia","05-04-2021",2068,113471
"Nova Scotia","06-04-2021",2965,116436
"Nova Scotia","07-04-2021",6730,123166
"Nova Scotia","08-04-2021",6643,129809
"Nova Scotia","09-04-2021",8539,138348
"Nova Scotia","10-04-2021",0,138348
"Nova Scotia","11-04-2021",0,138348
"Nova Scotia","12-04-2021",11775,150123
"Nova Scotia","13-04-2021",7467,157590
"Nova Scotia","14-04-2021",12261,169851
"Nova Scotia","15-04-2021",13016,182867
"Nova Scotia","16-04-2021",11925,194792
"Nova Scotia","17-04-2021",0,194792
"Nova Scotia","18-04-2021",0,194792
"Nova Scotia","19-04-2021",12771,207563
"Nova Scotia","20-04-2021",10455,218018
"Nova Scotia","21-04-2021",12783,230801
"Nova Scotia","22-04-2021",16511,247312
"Nova Scotia","23-04-2021",13476,260788
"Nova Scotia","24-04-2021",0,260788
"Nova Scotia","25-04-2021",0,260788
"Nova Scotia","26-04-2021",15287,276075
"Nova Scotia","27-04-2021",7516,283591
"Nova Scotia","28-04-2021",10172,293763
"Nova Scotia","29-04-2021",10424,304187
"Nova Scotia","30-04-2021",8306,312493
"Nova Scotia","01-05-2021",0,312493
"Nova Scotia","02-05-2021",0,312493
"Nova Scotia","03-05-2021",8417,320910
"Nova Scotia","04-05-2021",4308,325218
"Nova Scotia","05-05-2021",9557,334775
"Nova Scotia","06-05-2021",12508,347283
"Nova Scotia","07-05-2021",9695,356978
"Nova Scotia","08-05-2021",0,356978
"Nova Scotia","09-05-2021",0,356978
"Nova Scotia","10-05-2021",9111,366089
"Nova Scotia","11-05-2021",8814,374903
"Nova Scotia","12-05-2021",12780,387683
"Nova Scotia","13-05-2021",15050,402733
"Nova Scotia","14-05-2021",12837,415570
"Nova Scotia","15-05-2021",0,415570
"Nova Scotia","16-05-2021",0,415570
"Nova Scotia","17-05-2021",15286,430856
"Nova Scotia","18-05-2021",5198,436054
"Nova Scotia","19-05-2021",6481,442535
"Nova Scotia","20-05-2021",20991,463526
"Nova Scotia","21-05-2021",20023,483549
"Nova Scotia","22-05-2021",0,483549
"Nova Scotia","23-05-2021",0,483549
"Nova Scotia","24-05-2021",0,483549
"Nova Scotia","25-05-2021",26505,510054
"Nova Scotia","26-05-2021",10999,521053
"Nova Scotia","27-05-2021",21143,542196
"Nova Scotia","28-05-2021",18647,560843
"Nova Scotia","29-05-2021",0,560843
"Nova Scotia","30-05-2021",0,560843
"Nova Scotia","31-05-2021",23030,583873
"Nova Scotia","01-06-2021",5118,588991
"Nova Scotia","02-06-2021",5717,594708
"Nova Scotia","03-06-2021",13780,608488
"Nova Scotia","04-06-2021",13173,621661
"Nova Scotia","05-06-2021",0,621661
"Nova Scotia","06-06-2021",0,621661
"Nova Scotia","07-06-2021",16250,637911
"Nova Scotia","08-06-2021",4807,642718
"Nova Scotia","09-06-2021",4886,647604
"Nova Scotia","10-06-2021",16236,663840
"Nova Scotia","11-06-2021",14775,678615
"Nova Scotia","12-06-2021",0,678615
"Nova Scotia","13-06-2021",0,678615
"Nova Scotia","14-06-2021",20364,698979
"Nova Scotia","15-06-2021",6586,705565
"Nova Scotia","16-06-2021",9505,715070
"Nova Scotia","17-06-2021",19938,735008
"Nova Scotia","18-06-2021",17591,752599
"Nova Scotia","19-06-2021",0,752599
"Nova Scotia","20-06-2021",0,752599
"Nova Scotia","21-06-2021",23303,775902
"Nova Scotia","22-06-2021",14612,790514
"Nova Scotia","23-06-2021",18199,808713
"Nova Scotia","24-06-2021",19988,828701
"Nova Scotia","25-06-2021",19129,847830
"Nova Scotia","26-06-2021",0,847830
"Nova Scotia","27-06-2021",0,847830
"Nova Scotia","28-06-2021",28387,876217
"Nova Scotia","29-06-2021",22030,898247
"Nova Scotia","30-06-2021",27815,926062
"Nova Scotia","01-07-2021",0,926062
"Nova Scotia","02-07-2021",35591,961653
"Nova Scotia","03-07-2021",0,961653
"Nova Scotia","04-07-2021",0,961653
"Nova Scotia","05-07-2021",32213,993866
"Nova Scotia","06-07-2021",17173,1011039
"Nova Scotia","07-07-2021",24548,1035587
"Nova Scotia","08-07-2021",26831,1062418
"Nova Scotia","09-07-2021",22849,1085267
"Nova Scotia","10-07-2021",0,1085267
"Nova Scotia","11-07-2021",0,1085267
"Nova Scotia","12-07-2021",32059,1117326
"Nova Scotia","13-07-2021",17265,1134591
"Nova Scotia","14-07-2021",20194,1154785
"Nova Scotia","15-07-2021",21226,1176011
"Nova Scotia","16-07-2021",17497,1193508
"Nova Scotia","17-07-2021",0,1193508
"Nova Scotia","18-07-2021",0,1193508
"Nova Scotia","19-07-2021",16652,1210160
"Nova Scotia","20-07-2021",0,1210160
"Nova Scotia","21-07-2021",29954,1240114
"Nova Scotia","22-07-2021",16673,1256787
"Nova Scotia","23-07-2021",15161,1271948
"Nova Scotia","24-07-2021",0,1271948
"Nova Scotia","25-07-2021",0,1271948
"Nova Scotia","26-07-2021",20225,1292173
"Nova Scotia","27-07-2021",11563,1303736
"Nova Scotia","28-07-2021",13821,1317557
"Nova Scotia","29-07-2021",15403,1332960
"Nova Scotia","30-07-2021",12441,1345401
"Nova Scotia","31-07-2021",0,1345401
"Nova Scotia","01-08-2021",0,1345401
"Nova Scotia","02-08-2021",0,1345401
"Nova Scotia","03-08-2021",15259,1360660
"Nova Scotia","04-08-2021",10242,1370902
"Nova Scotia","05-08-2021",8762,1379664
"Nova Scotia","06-08-2021",7568,1387232
"Nova Scotia","07-08-2021",0,1387232
"Nova Scotia","08-08-2021",0,1387232
"Nova Scotia","09-08-2021",7779,1395011
"Nova Scotia","10-08-2021",2504,1397515
"Nova Scotia","11-08-2021",3151,1400666
"Nova Scotia","12-08-2021",2951,1403617
"Nova Scotia","13-08-2021",0,1403617
"Nova Scotia","14-08-2021",0,1403617
"Nova Scotia","15-08-2021",0,1403617
"Nova Scotia","16-08-2021",6122,1409739
"Nova Scotia","17-08-2021",1644,1411383
"Nova Scotia","18-08-2021",2974,1414357
"Nova Scotia","19-08-2021",4115,1418472
"Nova Scotia","20-08-2021",4491,1422963
"Nova Scotia","21-08-2021",0,1422963
"Nova Scotia","22-08-2021",0,1422963
"Nova Scotia","23-08-2021",0,1422963
"Nova Scotia","24-08-2021",4784,1427747
"Nova Scotia","25-08-2021",3629,1431376
"Nova Scotia","26-08-2021",4582,1435958
"Nova Scotia","27-08-2021",3740,1439698
"Nova Scotia","28-08-2021",0,1439698
"Nova Scotia","29-08-2021",0,1439698
"Nova Scotia","30-08-2021",3485,1443183
"Nova Scotia","31-08-2021",1558,1444741
"Nova Scotia","01-09-2021",2059,1446800
"Nova Scotia","02-09-2021",2855,1449655
"Nova Scotia","03-09-2021",2146,1451801
"Nova Scotia","04-09-2021",0,1451801
"Nova Scotia","05-09-2021",0,1451801
"Nova Scotia","06-09-2021",0,1451801
"Nova Scotia","07-09-2021",3013,1454814
"Nova Scotia","08-09-2021",1817,1456631
"Nova Scotia","09-09-2021",3598,1460229
"Nova Scotia","10-09-2021",3846,1464075
"Nova Scotia","11-09-2021",0,1464075
"Nova Scotia","12-09-2021",0,1464075
"Nova Scotia","13-09-2021",4988,1469063
"Nova Scotia","14-09-2021",2917,1471980
"Nova Scotia","15-09-2021",3043,1475023
"Nova Scotia","16-09-2021",3387,1478410
"Nova Scotia","17-09-2021",2441,1480851
"Nova Scotia","18-09-2021",0,1480851
"Nova Scotia","19-09-2021",0,1480851
"Nova Scotia","20-09-2021",5413,1486264
"Nova Scotia","21-09-2021",2012,1488276
"Nova Scotia","22-09-2021",2577,1490853
"Nova Scotia","23-09-2021",2962,1493815
"Nova Scotia","24-09-2021",2819,1496634
"Nova Scotia","25-09-2021",0,1496634
"Nova Scotia","26-09-2021",0,1496634
"Nova Scotia","27-09-2021",3837,1500471
"Nova Scotia","28-09-2021",2594,1503065
"Nova Scotia","29-09-2021",2910,1505975
"Nova Scotia","30-09-2021",0,1505975
"Nova Scotia","01-10-2021",6288,1512263
"Nova Scotia","02-10-2021",0,1512263
"Nova Scotia","03-10-2021",0,1512263
"Nova Scotia","04-10-2021",3543,1515806
"Nova Scotia","05-10-2021",3753,1519559
"Nova Scotia","06-10-2021",3781,1523340
"Nova Scotia","07-10-2021",3397,1526737
"Nova Scotia","08-10-2021",2475,1529212
"Nova Scotia","09-10-2021",0,1529212
"Nova Scotia","10-10-2021",0,1529212
"Nova Scotia","11-10-2021",0,1529212
"Nova Scotia","12-10-2021",3124,1532336
"Nova Scotia","13-10-2021",5362,1537698
"Nova Scotia","14-10-2021",3153,1540851
"Nova Scotia","15-10-2021",2816,1543667
"Nova Scotia","16-10-2021",0,1543667
"Nova Scotia","17-10-2021",0,1543667
"Nova Scotia","18-10-2021",3805,1547472
"Nova Scotia","19-10-2021",2890,1550362
"Nova Scotia","20-10-2021",2354,1552716
"Nova Scotia","21-10-2021",3107,1555823
"Nova Scotia","22-10-2021",2568,1558391
"Nova Scotia","23-10-2021",0,1558391
"Nova Scotia","24-10-2021",0,1558391
"Nova Scotia","25-10-2021",4383,1562774
"Nova Scotia","26-10-2021",1959,1564733
"Nova Scotia","27-10-2021",2673,1567406
"Nova Scotia","28-10-2021",2483,1569889
"Nova Scotia","29-10-2021",2778,1572667
"Nova Scotia","30-10-2021",0,1572667
"Nova Scotia","31-10-2021",0,1572667
"Nova Scotia","01-11-2021",3502,1576169
"Nova Scotia","02-11-2021",1294,1577463
"Nova Scotia","03-11-2021",1870,1579333
"Nova Scotia","04-11-2021",1995,1581328
"Nova Scotia","05-11-2021",2151,1583479
"Nova Scotia","06-11-2021",0,1583479
"Nova Scotia","07-11-2021",0,1583479
"Nova Scotia","08-11-2021",2806,1586285
"Nova Scotia","09-11-2021",1873,1588158
"Nova Scotia","10-11-2021",2704,1590862
"Nova Scotia","11-11-2021",0,1590862
"Nova Scotia","12-11-2021",2380,1593242
"Nova Scotia","13-11-2021",0,1593242
"Nova Scotia","14-11-2021",0,1593242
"Nova Scotia","15-11-2021",1958,1595200
"Nova Scotia","16-11-2021",1520,1596720
"Nova Scotia","17-11-2021",16377,1613097
"Nova Scotia","18-11-2021",1805,1614902
"Nova Scotia","19-11-2021",1448,1616350
"Nova Scotia","20-11-2021",0,1616350
"Nova Scotia","21-11-2021",0,1616350
"Nova Scotia","22-11-2021",0,1616350
"Nova Scotia","23-11-2021",0,1616350
"Nova Scotia","24-11-2021",6415,1622765
"Nova Scotia","25-11-2021",3204,1625969
"Nova Scotia","26-11-2021",2768,1628737
"Nova Scotia","27-11-2021",0,1628737
"Nova Scotia","28-11-2021",0,1628737
"Nova Scotia","29-11-2021",3552,1632289
"Nova Scotia","30-11-2021",3386,1635675
"Nova Scotia","01-12-2021",3019,1638694
"Nova Scotia","02-12-2021",4518,1643212
"Nova Scotia","03-12-2021",3246,1646458
"Nova Scotia","04-12-2021",0,1646458
"Nova Scotia","05-12-2021",0,1646458
"Nova Scotia","06-12-2021",2954,1649412
"Nova Scotia","07-12-2021",0,1649412
"Nova Scotia","08-12-2021",24376,1673788
"Nova Scotia","09-12-2021",0,1673788
"Nova Scotia","10-12-2021",-2200,1671588
"Nova Scotia","11-12-2021",0,1671588
"Nova Scotia","12-12-2021",0,1671588
"Nova Scotia","13-12-2021",10033,1681621
"Nova Scotia","14-12-2021",7215,1688836
"Nova Scotia","15-12-2021",9171,1698007
"Nova Scotia","16-12-2021",10848,1708855
"Nova Scotia","17-12-2021",9332,1718187
"Nova Scotia","18-12-2021",0,1718187
"Nova Scotia","19-12-2021",0,1718187
"Nova Scotia","20-12-2021",13018,1731205
"Nova Scotia","21-12-2021",8953,1740158
"Nova Scotia","22-12-2021",10225,1750383
"Nova Scotia","23-12-2021",7903,1758286
"Nova Scotia","24-12-2021",5130,1763416
"Nova Scotia","25-12-2021",0,1763416
"Nova Scotia","26-12-2021",0,1763416
"Nova Scotia","27-12-2021",0,1763416
"Nova Scotia","28-12-2021",0,1763416
"Nova Scotia","29-12-2021",12914,1776330
"Nova Scotia","30-12-2021",8704,1785034
"Nova Scotia","31-12-2021",5982,1791016
"Nova Scotia","01-01-2022",0,1791016
"Nova Scotia","02-01-2022",0,1791016
"Nova Scotia","03-01-2022",0,1791016
"Nova Scotia","04-01-2022",1930,1792946
"Nova Scotia","05-01-2022",22337,1815283
"Nova Scotia","06-01-2022",13191,1828474
"Nova Scotia","07-01-2022",14296,1842770
"Nova Scotia","08-01-2022",0,1842770
"Nova Scotia","09-01-2022",0,1842770
"Nova Scotia","10-01-2022",13258,1856028
"Nova Scotia","11-01-2022",14318,1870346
"Nova Scotia","12-01-2022",17581,1887927
"Nova Scotia","13-01-2022",18096,1906023
"Nova Scotia","14-01-2022",19947,1925970
"Nova Scotia","15-01-2022",0,1925970
"Nova Scotia","16-01-2022",0,1925970
"Nova Scotia","17-01-2022",24197,1950167
"Nova Scotia","18-01-2022",13262,1963429
"Nova Scotia","19-01-2022",16563,1979992
"Nova Scotia","20-01-2022",18072,1998064
"Nova Scotia","21-01-2022",0,1998064
"Nova Scotia","22-01-2022",0,1998064
"Nova Scotia","23-01-2022",0,1998064
"Nova Scotia","24-01-2022",39545,2037609
"Nova Scotia","25-01-2022",11352,2048961
"Nova Scotia","26-01-2022",15171,2064132
"Nova Scotia","27-01-2022",15641,2079773
"Nova Scotia","28-01-2022",14336,2094109
"Nova Scotia","29-01-2022",0,2094109
"Nova Scotia","30-01-2022",0,2094109
"Nova Scotia","31-01-2022",13322,2107431
"Nova Scotia","01-02-2022",7843,2115274
"Nova Scotia","02-02-2022",9855,2125129
"Nova Scotia","03-02-2022",10978,2136107
"Nova Scotia","04-02-2022",9559,2145666
"Nova Scotia","05-02-2022",0,2145666
"Nova Scotia","06-02-2022",0,2145666
"Nova Scotia","07-02-2022",6833,2152499
"Nova Scotia","08-02-2022",4885,2157384
"Nova Scotia","09-02-2022",6386,2163770
"Nova Scotia","10-02-2022",5952,2169722
"Nova Scotia","11-02-2022",6035,2175757
"Nova Scotia","12-02-2022",0,2175757
"Nova Scotia","13-02-2022",0,2175757
"Nova Scotia","14-02-2022",6825,2182582
"Nova Scotia","15-02-2022",1756,2184338
"Nova Scotia","16-02-2022",4040,2188378
"Nova Scotia","17-02-2022",4190,2192568
"Nova Scotia","18-02-2022",3857,2196425
"Nova Scotia","19-02-2022",0,2196425
"Nova Scotia","20-02-2022",0,2196425
"Nova Scotia","21-02-2022",0,2196425
"Nova Scotia","22-02-2022",7543,2203968
"Nova Scotia","23-02-2022",2133,2206101
"Nova Scotia","24-02-2022",1979,2208080
"Nova Scotia","25-02-2022",2060,2210140
"Nova Scotia","26-02-2022",0,2210140
"Nova Scotia","27-02-2022",0,2210140
"Nova Scotia","28-02-2022",2084,2212224
"Nova Scotia","01-03-2022",1174,2213398
"Nova Scotia","02-03-2022",1441,2214839
"Nova Scotia","03-03-2022",1526,2216365
"Nova Scotia","04-03-2022",831,2217196
"Nova Scotia","05-03-2022",0,2217196
"Nova Scotia","06-03-2022",0,2217196
"Nova Scotia","07-03-2022",0,2217196
"Nova Scotia","08-03-2022",0,2217196
"Nova Scotia","09-03-2022",0,2217196
"Nova Scotia","10-03-2022",0,2217196
"Nova Scotia","11-03-2022",0,2217196
"Nova Scotia","12-03-2022",0,2217196
"Nova Scotia","13-03-2022",0,2217196
"Nova Scotia","14-03-2022",0,2217196
"Nova Scotia","15-03-2022",0,2217196
"Nova Scotia","16-03-2022",0,2217196
"Nova Scotia","17-03-2022",0,2217196
"Nova Scotia","18-03-2022",0,2217196
"Nova Scotia","19-03-2022",0,2217196
"Nova Scotia","20-03-2022",0,2217196
"Nova Scotia","21-03-2022",0,2217196
"Nova Scotia","22-03-2022",0,2217196
"Nunavut","14-12-2020",0,0
"Nunavut","15-12-2020",0,0
"Nunavut","16-12-2020",0,0
"Nunavut","17-12-2020",0,0
"Nunavut","18-12-2020",0,0
"Nunavut","19-12-2020",0,0
"Nunavut","20-12-2020",0,0
"Nunavut","21-12-2020",0,0
"Nunavut","22-12-2020",0,0
"Nunavut","23-12-2020",0,0
"Nunavut","24-12-2020",0,0
"Nunavut","25-12-2020",0,0
"Nunavut","26-12-2020",0,0
"Nunavut","27-12-2020",0,0
"Nunavut","28-12-2020",0,0
"Nunavut","29-12-2020",0,0
"Nunavut","30-12-2020",0,0
"Nunavut","31-12-2020",0,0
"Nunavut","01-01-2021",0,0
"Nunavut","02-01-2021",0,0
"Nunavut","03-01-2021",0,0
"Nunavut","04-01-2021",0,0
"Nunavut","05-01-2021",0,0
"Nunavut","06-01-2021",29,29
"Nunavut","07-01-2021",0,29
"Nunavut","08-01-2021",0,29
"Nunavut","09-01-2021",0,29
"Nunavut","10-01-2021",0,29
"Nunavut","11-01-2021",0,29
"Nunavut","12-01-2021",0,29
"Nunavut","13-01-2021",371,400
"Nunavut","14-01-2021",121,521
"Nunavut","15-01-2021",462,983
"Nunavut","16-01-2021",0,983
"Nunavut","17-01-2021",0,983
"Nunavut","18-01-2021",1158,2141
"Nunavut","19-01-2021",404,2545
"Nunavut","20-01-2021",0,2545
"Nunavut","21-01-2021",830,3375
"Nunavut","22-01-2021",447,3822
"Nunavut","23-01-2021",0,3822
"Nunavut","24-01-2021",0,3822
"Nunavut","25-01-2021",636,4458
"Nunavut","26-01-2021",265,4723
"Nunavut","27-01-2021",207,4930
"Nunavut","28-01-2021",294,5224
"Nunavut","29-01-2021",92,5316
"Nunavut","30-01-2021",0,5316
"Nunavut","31-01-2021",0,5316
"Nunavut","01-02-2021",148,5464
"Nunavut","02-02-2021",42,5506
"Nunavut","03-02-2021",13,5519
"Nunavut","04-02-2021",49,5568
"Nunavut","05-02-2021",81,5649
"Nunavut","06-02-2021",0,5649
"Nunavut","07-02-2021",0,5649
"Nunavut","08-02-2021",203,5852
"Nunavut","09-02-2021",87,5939
"Nunavut","10-02-2021",187,6126
"Nunavut","11-02-2021",59,6185
"Nunavut","12-02-2021",20,6205
"Nunavut","13-02-2021",0,6205
"Nunavut","14-02-2021",0,6205
"Nunavut","15-02-2021",0,6205
"Nunavut","16-02-2021",440,6645
"Nunavut","17-02-2021",160,6805
"Nunavut","18-02-2021",45,6850
"Nunavut","19-02-2021",65,6915
"Nunavut","20-02-2021",0,6915
"Nunavut","21-02-2021",0,6915
"Nunavut","22-02-2021",62,6977
"Nunavut","23-02-2021",34,7011
"Nunavut","24-02-2021",62,7073
"Nunavut","25-02-2021",184,7257
"Nunavut","26-02-2021",19,7276
"Nunavut","27-02-2021",0,7276
"Nunavut","28-02-2021",0,7276
"Nunavut","01-03-2021",126,7402
"Nunavut","02-03-2021",664,8066
"Nunavut","03-03-2021",5327,13393
"Nunavut","04-03-2021",360,13753
"Nunavut","05-03-2021",158,13911
"Nunavut","06-03-2021",0,13911
"Nunavut","07-03-2021",0,13911
"Nunavut","08-03-2021",753,14664
"Nunavut","09-03-2021",279,14943
"Nunavut","10-03-2021",476,15419
"Nunavut","11-03-2021",253,15672
"Nunavut","12-03-2021",217,15889
"Nunavut","13-03-2021",0,15889
"Nunavut","14-03-2021",0,15889
"Nunavut","15-03-2021",429,16318
"Nunavut","16-03-2021",555,16873
"Nunavut","17-03-2021",569,17442
"Nunavut","18-03-2021",369,17811
"Nunavut","19-03-2021",186,17997
"Nunavut","20-03-2021",0,17997
"Nunavut","21-03-2021",0,17997
"Nunavut","22-03-2021",240,18237
"Nunavut","23-03-2021",482,18719
"Nunavut","24-03-2021",394,19113
"Nunavut","25-03-2021",381,19494
"Nunavut","26-03-2021",175,19669
"Nunavut","27-03-2021",0,19669
"Nunavut","28-03-2021",0,19669
"Nunavut","29-03-2021",332,20001
"Nunavut","30-03-2021",568,20569
"Nunavut","31-03-2021",246,20815
"Nunavut","01-04-2021",197,21012
"Nunavut","02-04-2021",0,21012
"Nunavut","03-04-2021",0,21012
"Nunavut","04-04-2021",0,21012
"Nunavut","05-04-2021",0,21012
"Nunavut","06-04-2021",751,21763
"Nunavut","07-04-2021",535,22298
"Nunavut","08-04-2021",0,22298
"Nunavut","09-04-2021",567,22865
"Nunavut","10-04-2021",0,22865
"Nunavut","11-04-2021",0,22865
"Nunavut","12-04-2021",331,23196
"Nunavut","13-04-2021",373,23569
"Nunavut","14-04-2021",323,23892
"Nunavut","15-04-2021",173,24065
"Nunavut","16-04-2021",404,24469
"Nunavut","17-04-2021",0,24469
"Nunavut","18-04-2021",0,24469
"Nunavut","19-04-2021",719,25188
"Nunavut","20-04-2021",487,25675
"Nunavut","21-04-2021",489,26164
"Nunavut","22-04-2021",408,26572
"Nunavut","23-04-2021",283,26855
"Nunavut","24-04-2021",0,26855
"Nunavut","25-04-2021",0,26855
"Nunavut","26-04-2021",489,27344
"Nunavut","27-04-2021",0,27344
"Nunavut","28-04-2021",469,27813
"Nunavut","29-04-2021",249,28062
"Nunavut","30-04-2021",189,28251
"Nunavut","01-05-2021",0,28251
"Nunavut","02-05-2021",0,28251
"Nunavut","03-05-2021",333,28584
"Nunavut","04-05-2021",128,28712
"Nunavut","05-05-2021",125,28837
"Nunavut","06-05-2021",126,28963
"Nunavut","07-05-2021",133,29096
"Nunavut","08-05-2021",0,29096
"Nunavut","09-05-2021",0,29096
"Nunavut","10-05-2021",201,29297
"Nunavut","11-05-2021",105,29402
"Nunavut","12-05-2021",-97,29305
"Nunavut","13-05-2021",0,29305
"Nunavut","14-05-2021",0,29305
"Nunavut","15-05-2021",0,29305
"Nunavut","16-05-2021",0,29305
"Nunavut","17-05-2021",0,29305
"Nunavut","18-05-2021",720,30025
"Nunavut","19-05-2021",0,30025
"Nunavut","20-05-2021",0,30025
"Nunavut","21-05-2021",0,30025
"Nunavut","22-05-2021",0,30025
"Nunavut","23-05-2021",0,30025
"Nunavut","24-05-2021",0,30025
"Nunavut","25-05-2021",1132,31157
"Nunavut","26-05-2021",0,31157
"Nunavut","27-05-2021",0,31157
"Nunavut","28-05-2021",0,31157
"Nunavut","29-05-2021",0,31157
"Nunavut","30-05-2021",0,31157
"Nunavut","31-05-2021",0,31157
"Nunavut","01-06-2021",1039,32196
"Nunavut","02-06-2021",0,32196
"Nunavut","03-06-2021",0,32196
"Nunavut","04-06-2021",0,32196
"Nunavut","05-06-2021",0,32196
"Nunavut","06-06-2021",0,32196
"Nunavut","07-06-2021",0,32196
"Nunavut","08-06-2021",0,32196
"Nunavut","09-06-2021",0,32196
"Nunavut","10-06-2021",0,32196
"Nunavut","11-06-2021",0,32196
"Nunavut","12-06-2021",0,32196
"Nunavut","13-06-2021",0,32196
"Nunavut","14-06-2021",0,32196
"Nunavut","15-06-2021",0,32196
"Nunavut","16-06-2021",0,32196
"Nunavut","17-06-2021",998,33194
"Nunavut","18-06-2021",0,33194
"Nunavut","19-06-2021",0,33194
"Nunavut","20-06-2021",0,33194
"Nunavut","21-06-2021",0,33194
"Nunavut","22-06-2021",0,33194
"Nunavut","23-06-2021",2497,35691
"Nunavut","24-06-2021",0,35691
"Nunavut","25-06-2021",0,35691
"Nunavut","26-06-2021",0,35691
"Nunavut","27-06-2021",0,35691
"Nunavut","28-06-2021",0,35691
"Nunavut","29-06-2021",1453,37144
"Nunavut","30-06-2021",0,37144
"Nunavut","01-07-2021",0,37144
"Nunavut","02-07-2021",0,37144
"Nunavut","03-07-2021",0,37144
"Nunavut","04-07-2021",0,37144
"Nunavut","05-07-2021",0,37144
"Nunavut","06-07-2021",818,37962
"Nunavut","07-07-2021",0,37962
"Nunavut","08-07-2021",0,37962
"Nunavut","09-07-2021",0,37962
"Nunavut","10-07-2021",0,37962
"Nunavut","11-07-2021",0,37962
"Nunavut","12-07-2021",0,37962
"Nunavut","13-07-2021",1282,39244
"Nunavut","14-07-2021",0,39244
"Nunavut","15-07-2021",0,39244
"Nunavut","16-07-2021",0,39244
"Nunavut","17-07-2021",0,39244
"Nunavut","18-07-2021",0,39244
"Nunavut","19-07-2021",0,39244
"Nunavut","20-07-2021",2006,41250
"Nunavut","21-07-2021",0,41250
"Nunavut","22-07-2021",0,41250
"Nunavut","23-07-2021",0,41250
"Nunavut","24-07-2021",0,41250
"Nunavut","25-07-2021",0,41250
"Nunavut","26-07-2021",0,41250
"Nunavut","27-07-2021",782,42032
"Nunavut","28-07-2021",0,42032
"Nunavut","29-07-2021",0,42032
"Nunavut","30-07-2021",0,42032
"Nunavut","31-07-2021",0,42032
"Nunavut","01-08-2021",0,42032
"Nunavut","02-08-2021",0,42032
"Nunavut","03-08-2021",0,42032
"Nunavut","04-08-2021",683,42715
"Nunavut","05-08-2021",0,42715
"Nunavut","06-08-2021",0,42715
"Nunavut","07-08-2021",0,42715
"Nunavut","08-08-2021",0,42715
"Nunavut","09-08-2021",0,42715
"Nunavut","10-08-2021",423,43138
"Nunavut","11-08-2021",0,43138
"Nunavut","12-08-2021",0,43138
"Nunavut","13-08-2021",0,43138
"Nunavut","14-08-2021",0,43138
"Nunavut","15-08-2021",0,43138
"Nunavut","16-08-2021",0,43138
"Nunavut","17-08-2021",490,43628
"Nunavut","18-08-2021",0,43628
"Nunavut","19-08-2021",0,43628
"Nunavut","20-08-2021",0,43628
"Nunavut","21-08-2021",0,43628
"Nunavut","22-08-2021",0,43628
"Nunavut","23-08-2021",0,43628
"Nunavut","24-08-2021",494,44122
"Nunavut","25-08-2021",0,44122
"Nunavut","26-08-2021",0,44122
"Nunavut","27-08-2021",0,44122
"Nunavut","28-08-2021",0,44122
"Nunavut","29-08-2021",0,44122
"Nunavut","30-08-2021",0,44122
"Nunavut","31-08-2021",442,44564
"Nunavut","01-09-2021",0,44564
"Nunavut","02-09-2021",0,44564
"Nunavut","03-09-2021",0,44564
"Nunavut","04-09-2021",0,44564
"Nunavut","05-09-2021",0,44564
"Nunavut","06-09-2021",0,44564
"Nunavut","07-09-2021",0,44564
"Nunavut","08-09-2021",359,44923
"Nunavut","09-09-2021",0,44923
"Nunavut","10-09-2021",0,44923
"Nunavut","11-09-2021",0,44923
"Nunavut","12-09-2021",0,44923
"Nunavut","13-09-2021",0,44923
"Nunavut","14-09-2021",424,45347
"Nunavut","15-09-2021",0,45347
"Nunavut","16-09-2021",0,45347
"Nunavut","17-09-2021",0,45347
"Nunavut","18-09-2021",0,45347
"Nunavut","19-09-2021",0,45347
"Nunavut","20-09-2021",0,45347
"Nunavut","21-09-2021",0,45347
"Nunavut","22-09-2021",458,45805
"Nunavut","23-09-2021",0,45805
"Nunavut","24-09-2021",0,45805
"Nunavut","25-09-2021",0,45805
"Nunavut","26-09-2021",0,45805
"Nunavut","27-09-2021",0,45805
"Nunavut","28-09-2021",625,46430
"Nunavut","29-09-2021",0,46430
"Nunavut","30-09-2021",0,46430
"Nunavut","01-10-2021",0,46430
"Nunavut","02-10-2021",0,46430
"Nunavut","03-10-2021",0,46430
"Nunavut","04-10-2021",0,46430
"Nunavut","05-10-2021",0,46430
"Nunavut","06-10-2021",529,46959
"Nunavut","07-10-2021",0,46959
"Nunavut","08-10-2021",0,46959
"Nunavut","09-10-2021",0,46959
"Nunavut","10-10-2021",0,46959
"Nunavut","11-10-2021",0,46959
"Nunavut","12-10-2021",0,46959
"Nunavut","13-10-2021",0,46959
"Nunavut","14-10-2021",0,46959
"Nunavut","15-10-2021",502,47461
"Nunavut","16-10-2021",0,47461
"Nunavut","17-10-2021",0,47461
"Nunavut","18-10-2021",0,47461
"Nunavut","19-10-2021",687,48148
"Nunavut","20-10-2021",0,48148
"Nunavut","21-10-2021",0,48148
"Nunavut","22-10-2021",0,48148
"Nunavut","23-10-2021",0,48148
"Nunavut","24-10-2021",0,48148
"Nunavut","25-10-2021",615,48763
"Nunavut","26-10-2021",0,48763
"Nunavut","27-10-2021",0,48763
"Nunavut","28-10-2021",0,48763
"Nunavut","29-10-2021",0,48763
"Nunavut","30-10-2021",0,48763
"Nunavut","31-10-2021",0,48763
"Nunavut","01-11-2021",488,49251
"Nunavut","02-11-2021",0,49251
"Nunavut","03-11-2021",0,49251
"Nunavut","04-11-2021",0,49251
"Nunavut","05-11-2021",0,49251
"Nunavut","06-11-2021",0,49251
"Nunavut","07-11-2021",0,49251
"Nunavut","08-11-2021",393,49644
"Nunavut","09-11-2021",0,49644
"Nunavut","10-11-2021",0,49644
"Nunavut","11-11-2021",0,49644
"Nunavut","12-11-2021",0,49644
"Nunavut","13-11-2021",0,49644
"Nunavut","14-11-2021",0,49644
"Nunavut","15-11-2021",478,50122
"Nunavut","16-11-2021",0,50122
"Nunavut","17-11-2021",0,50122
"Nunavut","18-11-2021",0,50122
"Nunavut","19-11-2021",0,50122
"Nunavut","20-11-2021",0,50122
"Nunavut","21-11-2021",0,50122
"Nunavut","22-11-2021",647,50769
"Nunavut","23-11-2021",0,50769
"Nunavut","24-11-2021",0,50769
"Nunavut","25-11-2021",0,50769
"Nunavut","26-11-2021",0,50769
"Nunavut","27-11-2021",0,50769
"Nunavut","28-11-2021",0,50769
"Nunavut","29-11-2021",455,51224
"Nunavut","30-11-2021",0,51224
"Nunavut","01-12-2021",0,51224
"Nunavut","02-12-2021",0,51224
"Nunavut","03-12-2021",0,51224
"Nunavut","04-12-2021",0,51224
"Nunavut","05-12-2021",0,51224
"Nunavut","06-12-2021",1065,52289
"Nunavut","07-12-2021",0,52289
"Nunavut","08-12-2021",0,52289
"Nunavut","09-12-2021",0,52289
"Nunavut","10-12-2021",0,52289
"Nunavut","11-12-2021",0,52289
"Nunavut","12-12-2021",0,52289
"Nunavut","13-12-2021",2108,54397
"Nunavut","14-12-2021",0,54397
"Nunavut","15-12-2021",0,54397
"Nunavut","16-12-2021",0,54397
"Nunavut","17-12-2021",0,54397
"Nunavut","18-12-2021",5530,59927
"Nunavut","19-12-2021",0,59927
"Nunavut","20-12-2021",0,59927
"Nunavut","21-12-2021",394,60321
"Nunavut","22-12-2021",0,60321
"Nunavut","23-12-2021",0,60321
"Nunavut","24-12-2021",0,60321
"Nunavut","25-12-2021",814,61135
"Nunavut","26-12-2021",0,61135
"Nunavut","27-12-2021",0,61135
"Nunavut","28-12-2021",439,61574
"Nunavut","29-12-2021",0,61574
"Nunavut","30-12-2021",0,61574
"Nunavut","31-12-2021",0,61574
"Nunavut","01-01-2022",1542,63116
"Nunavut","02-01-2022",0,63116
"Nunavut","03-01-2022",0,63116
"Nunavut","04-01-2022",510,63626
"Nunavut","05-01-2022",0,63626
"Nunavut","06-01-2022",0,63626
"Nunavut","07-01-2022",0,63626
"Nunavut","08-01-2022",1145,64771
"Nunavut","09-01-2022",0,64771
"Nunavut","10-01-2022",485,65256
"Nunavut","11-01-2022",0,65256
"Nunavut","12-01-2022",0,65256
"Nunavut","13-01-2022",0,65256
"Nunavut","14-01-2022",0,65256
"Nunavut","15-01-2022",862,66118
"Nunavut","16-01-2022",0,66118
"Nunavut","17-01-2022",0,66118
"Nunavut","18-01-2022",595,66713
"Nunavut","19-01-2022",0,66713
"Nunavut","20-01-2022",0,66713
"Nunavut","21-01-2022",0,66713
"Nunavut","22-01-2022",1031,67744
"Nunavut","23-01-2022",0,67744
"Nunavut","24-01-2022",601,68345
"Nunavut","25-01-2022",0,68345
"Nunavut","26-01-2022",0,68345
"Nunavut","27-01-2022",0,68345
"Nunavut","28-01-2022",0,68345
"Nunavut","29-01-2022",0,68345
"Nunavut","30-01-2022",0,68345
"Nunavut","31-01-2022",1489,69834
"Nunavut","01-02-2022",0,69834
"Nunavut","02-02-2022",0,69834
"Nunavut","03-02-2022",0,69834
"Nunavut","04-02-2022",0,69834
"Nunavut","05-02-2022",0,69834
"Nunavut","06-02-2022",0,69834
"Nunavut","07-02-2022",0,69834
"Nunavut","08-02-2022",1834,71668
"Nunavut","09-02-2022",0,71668
"Nunavut","10-02-2022",0,71668
"Nunavut","11-02-2022",0,71668
"Nunavut","12-02-2022",0,71668
"Nunavut","13-02-2022",0,71668
"Nunavut","14-02-2022",1663,73331
"Nunavut","15-02-2022",0,73331
"Nunavut","16-02-2022",0,73331
"Nunavut","17-02-2022",0,73331
"Nunavut","18-02-2022",0,73331
"Nunavut","19-02-2022",0,73331
"Nunavut","20-02-2022",0,73331
"Nunavut","21-02-2022",1021,74352
"Nunavut","22-02-2022",0,74352
"Nunavut","23-02-2022",0,74352
"Nunavut","24-02-2022",0,74352
"Nunavut","25-02-2022",0,74352
"Nunavut","26-02-2022",0,74352
"Nunavut","27-02-2022",0,74352
"Nunavut","28-02-2022",0,74352
"Nunavut","01-03-2022",0,74352
"Nunavut","02-03-2022",529,74881
"Nunavut","03-03-2022",0,74881
"Nunavut","04-03-2022",0,74881
"Nunavut","05-03-2022",0,74881
"Nunavut","06-03-2022",0,74881
"Nunavut","07-03-2022",513,75394
"Nunavut","08-03-2022",0,75394
"Nunavut","09-03-2022",0,75394
"Nunavut","10-03-2022",0,75394
"Nunavut","11-03-2022",0,75394
"Nunavut","12-03-2022",0,75394
"Nunavut","13-03-2022",0,75394
"Nunavut","14-03-2022",0,75394
"Nunavut","15-03-2022",0,75394
"Nunavut","16-03-2022",551,75945
"Nunavut","17-03-2022",0,75945
"Nunavut","18-03-2022",0,75945
"Nunavut","19-03-2022",0,75945
"Nunavut","20-03-2022",0,75945
"Nunavut","21-03-2022",0,75945
"Nunavut","22-03-2022",447,76392
"NWT","14-12-2020",0,0
"NWT","15-12-2020",0,0
"NWT","16-12-2020",0,0
"NWT","17-12-2020",0,0
"NWT","18-12-2020",0,0
"NWT","19-12-2020",0,0
"NWT","20-12-2020",0,0
"NWT","21-12-2020",0,0
"NWT","22-12-2020",0,0
"NWT","23-12-2020",0,0
"NWT","24-12-2020",0,0
"NWT","25-12-2020",0,0
"NWT","26-12-2020",0,0
"NWT","27-12-2020",0,0
"NWT","28-12-2020",0,0
"NWT","29-12-2020",0,0
"NWT","30-12-2020",0,0
"NWT","31-12-2020",2,2
"NWT","01-01-2021",0,2
"NWT","02-01-2021",0,2
"NWT","03-01-2021",0,2
"NWT","04-01-2021",0,2
"NWT","05-01-2021",128,130
"NWT","06-01-2021",0,130
"NWT","07-01-2021",0,130
"NWT","08-01-2021",32,162
"NWT","09-01-2021",0,162
"NWT","10-01-2021",0,162
"NWT","11-01-2021",0,162
"NWT","12-01-2021",350,512
"NWT","13-01-2021",0,512
"NWT","14-01-2021",0,512
"NWT","15-01-2021",0,512
"NWT","16-01-2021",0,512
"NWT","17-01-2021",0,512
"NWT","18-01-2021",1381,1893
"NWT","19-01-2021",0,1893
"NWT","20-01-2021",0,1893
"NWT","21-01-2021",0,1893
"NWT","22-01-2021",0,1893
"NWT","23-01-2021",0,1893
"NWT","24-01-2021",0,1893
"NWT","25-01-2021",0,1893
"NWT","26-01-2021",7578,9471
"NWT","27-01-2021",0,9471
"NWT","28-01-2021",0,9471
"NWT","29-01-2021",0,9471
"NWT","30-01-2021",0,9471
"NWT","31-01-2021",0,9471
"NWT","01-02-2021",0,9471
"NWT","02-02-2021",2895,12366
"NWT","03-02-2021",0,12366
"NWT","04-02-2021",0,12366
"NWT","05-02-2021",0,12366
"NWT","06-02-2021",0,12366
"NWT","07-02-2021",0,12366
"NWT","08-02-2021",0,12366
"NWT","09-02-2021",766,13132
"NWT","10-02-2021",0,13132
"NWT","11-02-2021",0,13132
"NWT","12-02-2021",0,13132
"NWT","13-02-2021",0,13132
"NWT","14-02-2021",0,13132
"NWT","15-02-2021",1025,14157
"NWT","16-02-2021",0,14157
"NWT","17-02-2021",0,14157
"NWT","18-02-2021",0,14157
"NWT","19-02-2021",0,14157
"NWT","20-02-2021",0,14157
"NWT","21-02-2021",0,14157
"NWT","22-02-2021",0,14157
"NWT","23-02-2021",2297,16454
"NWT","24-02-2021",0,16454
"NWT","25-02-2021",0,16454
"NWT","26-02-2021",0,16454
"NWT","27-02-2021",0,16454
"NWT","28-02-2021",0,16454
"NWT","01-03-2021",0,16454
"NWT","02-03-2021",3321,19775
"NWT","03-03-2021",0,19775
"NWT","04-03-2021",0,19775
"NWT","05-03-2021",0,19775
"NWT","06-03-2021",0,19775
"NWT","07-03-2021",0,19775
"NWT","08-03-2021",0,19775
"NWT","09-03-2021",8433,28208
"NWT","10-03-2021",0,28208
"NWT","11-03-2021",0,28208
"NWT","12-03-2021",0,28208
"NWT","13-03-2021",0,28208
"NWT","14-03-2021",0,28208
"NWT","15-03-2021",3866,32074
"NWT","16-03-2021",0,32074
"NWT","17-03-2021",0,32074
"NWT","18-03-2021",0,32074
"NWT","19-03-2021",0,32074
"NWT","20-03-2021",0,32074
"NWT","21-03-2021",0,32074
"NWT","22-03-2021",3323,35397
"NWT","23-03-2021",0,35397
"NWT","24-03-2021",0,35397
"NWT","25-03-2021",0,35397
"NWT","26-03-2021",0,35397
"NWT","27-03-2021",0,35397
"NWT","28-03-2021",0,35397
"NWT","29-03-2021",2258,37655
"NWT","30-03-2021",0,37655
"NWT","31-03-2021",0,37655
"NWT","01-04-2021",0,37655
"NWT","02-04-2021",0,37655
"NWT","03-04-2021",0,37655
"NWT","04-04-2021",0,37655
"NWT","05-04-2021",0,37655
"NWT","06-04-2021",919,38574
"NWT","07-04-2021",0,38574
"NWT","08-04-2021",0,38574
"NWT","09-04-2021",0,38574
"NWT","10-04-2021",0,38574
"NWT","11-04-2021",0,38574
"NWT","12-04-2021",2643,41217
"NWT","13-04-2021",0,41217
"NWT","14-04-2021",0,41217
"NWT","15-04-2021",0,41217
"NWT","16-04-2021",0,41217
"NWT","17-04-2021",0,41217
"NWT","18-04-2021",0,41217
"NWT","19-04-2021",3429,44646
"NWT","20-04-2021",0,44646
"NWT","21-04-2021",0,44646
"NWT","22-04-2021",0,44646
"NWT","23-04-2021",0,44646
"NWT","24-04-2021",0,44646
"NWT","25-04-2021",0,44646
"NWT","26-04-2021",2154,46800
"NWT","27-04-2021",0,46800
"NWT","28-04-2021",0,46800
"NWT","29-04-2021",0,46800
"NWT","30-04-2021",0,46800
"NWT","01-05-2021",0,46800
"NWT","02-05-2021",0,46800
"NWT","03-05-2021",1207,48007
"NWT","04-05-2021",0,48007
"NWT","05-05-2021",0,48007
"NWT","06-05-2021",0,48007
"NWT","07-05-2021",0,48007
"NWT","08-05-2021",0,48007
"NWT","09-05-2021",0,48007
"NWT","10-05-2021",1804,49811
"NWT","11-05-2021",0,49811
"NWT","12-05-2021",0,49811
"NWT","13-05-2021",0,49811
"NWT","14-05-2021",0,49811
"NWT","15-05-2021",0,49811
"NWT","16-05-2021",0,49811
"NWT","17-05-2021",1509,51320
"NWT","18-05-2021",0,51320
"NWT","19-05-2021",0,51320
"NWT","20-05-2021",0,51320
"NWT","21-05-2021",0,51320
"NWT","22-05-2021",0,51320
"NWT","23-05-2021",0,51320
"NWT","24-05-2021",0,51320
"NWT","25-05-2021",917,52237
"NWT","26-05-2021",0,52237
"NWT","27-05-2021",0,52237
"NWT","28-05-2021",0,52237
"NWT","29-05-2021",0,52237
"NWT","30-05-2021",0,52237
"NWT","31-05-2021",1264,53501
"NWT","01-06-2021",0,53501
"NWT","02-06-2021",0,53501
"NWT","03-06-2021",0,53501
"NWT","04-06-2021",0,53501
"NWT","05-06-2021",0,53501
"NWT","06-06-2021",0,53501
"NWT","07-06-2021",0,53501
"NWT","08-06-2021",1577,55078
"NWT","09-06-2021",0,55078
"NWT","10-06-2021",0,55078
"NWT","11-06-2021",0,55078
"NWT","12-06-2021",0,55078
"NWT","13-06-2021",0,55078
"NWT","14-06-2021",0,55078
"NWT","15-06-2021",2137,57215
"NWT","16-06-2021",0,57215
"NWT","17-06-2021",0,57215
"NWT","18-06-2021",0,57215
"NWT","19-06-2021",0,57215
"NWT","20-06-2021",0,57215
"NWT","21-06-2021",0,57215
"NWT","22-06-2021",1625,58840
"NWT","23-06-2021",0,58840
"NWT","24-06-2021",0,58840
"NWT","25-06-2021",0,58840
"NWT","26-06-2021",0,58840
"NWT","27-06-2021",0,58840
"NWT","28-06-2021",1213,60053
"NWT","29-06-2021",0,60053
"NWT","30-06-2021",0,60053
"NWT","01-07-2021",0,60053
"NWT","02-07-2021",0,60053
"NWT","03-07-2021",0,60053
"NWT","04-07-2021",0,60053
"NWT","05-07-2021",823,60876
"NWT","06-07-2021",0,60876
"NWT","07-07-2021",0,60876
"NWT","08-07-2021",0,60876
"NWT","09-07-2021",0,60876
"NWT","10-07-2021",0,60876
"NWT","11-07-2021",0,60876
"NWT","12-07-2021",865,61741
"NWT","13-07-2021",0,61741
"NWT","14-07-2021",0,61741
"NWT","15-07-2021",0,61741
"NWT","16-07-2021",0,61741
"NWT","17-07-2021",0,61741
"NWT","18-07-2021",0,61741
"NWT","19-07-2021",984,62725
"NWT","20-07-2021",0,62725
"NWT","21-07-2021",0,62725
"NWT","22-07-2021",0,62725
"NWT","23-07-2021",0,62725
"NWT","24-07-2021",0,62725
"NWT","25-07-2021",0,62725
"NWT","26-07-2021",839,63564
"NWT","27-07-2021",0,63564
"NWT","28-07-2021",0,63564
"NWT","29-07-2021",0,63564
"NWT","30-07-2021",0,63564
"NWT","31-07-2021",0,63564
"NWT","01-08-2021",0,63564
"NWT","02-08-2021",0,63564
"NWT","03-08-2021",0,63564
"NWT","04-08-2021",732,64296
"NWT","05-08-2021",0,64296
"NWT","06-08-2021",0,64296
"NWT","07-08-2021",0,64296
"NWT","08-08-2021",0,64296
"NWT","09-08-2021",433,64729
"NWT","10-08-2021",0,64729
"NWT","11-08-2021",0,64729
"NWT","12-08-2021",0,64729
"NWT","13-08-2021",0,64729
"NWT","14-08-2021",0,64729
"NWT","15-08-2021",0,64729
"NWT","16-08-2021",738,65467
"NWT","17-08-2021",0,65467
"NWT","18-08-2021",0,65467
"NWT","19-08-2021",0,65467
"NWT","20-08-2021",0,65467
"NWT","21-08-2021",0,65467
"NWT","22-08-2021",0,65467
"NWT","23-08-2021",0,65467
"NWT","24-08-2021",828,66295
"NWT","25-08-2021",0,66295
"NWT","26-08-2021",0,66295
"NWT","27-08-2021",0,66295
"NWT","28-08-2021",0,66295
"NWT","29-08-2021",0,66295
"NWT","30-08-2021",816,67111
"NWT","31-08-2021",0,67111
"NWT","01-09-2021",0,67111
"NWT","02-09-2021",0,67111
"NWT","03-09-2021",0,67111
"NWT","04-09-2021",0,67111
"NWT","05-09-2021",0,67111
"NWT","06-09-2021",0,67111
"NWT","07-09-2021",0,67111
"NWT","08-09-2021",490,67601
"NWT","09-09-2021",0,67601
"NWT","10-09-2021",0,67601
"NWT","11-09-2021",0,67601
"NWT","12-09-2021",0,67601
"NWT","13-09-2021",0,67601
"NWT","14-09-2021",513,68114
"NWT","15-09-2021",0,68114
"NWT","16-09-2021",0,68114
"NWT","17-09-2021",0,68114
"NWT","18-09-2021",0,68114
"NWT","19-09-2021",0,68114
"NWT","20-09-2021",0,68114
"NWT","21-09-2021",643,68757
"NWT","22-09-2021",0,68757
"NWT","23-09-2021",0,68757
"NWT","24-09-2021",0,68757
"NWT","25-09-2021",0,68757
"NWT","26-09-2021",0,68757
"NWT","27-09-2021",485,69242
"NWT","28-09-2021",0,69242
"NWT","29-09-2021",0,69242
"NWT","30-09-2021",0,69242
"NWT","01-10-2021",0,69242
"NWT","02-10-2021",0,69242
"NWT","03-10-2021",0,69242
"NWT","04-10-2021",509,69751
"NWT","05-10-2021",0,69751
"NWT","06-10-2021",0,69751
"NWT","07-10-2021",0,69751
"NWT","08-10-2021",0,69751
"NWT","09-10-2021",0,69751
"NWT","10-10-2021",0,69751
"NWT","11-10-2021",0,69751
"NWT","12-10-2021",0,69751
"NWT","13-10-2021",621,70372
"NWT","14-10-2021",0,70372
"NWT","15-10-2021",0,70372
"NWT","16-10-2021",0,70372
"NWT","17-10-2021",0,70372
"NWT","18-10-2021",523,70895
"NWT","19-10-2021",0,70895
"NWT","20-10-2021",0,70895
"NWT","21-10-2021",0,70895
"NWT","22-10-2021",0,70895
"NWT","23-10-2021",0,70895
"NWT","24-10-2021",0,70895
"NWT","25-10-2021",636,71531
"NWT","26-10-2021",0,71531
"NWT","27-10-2021",0,71531
"NWT","28-10-2021",0,71531
"NWT","29-10-2021",0,71531
"NWT","30-10-2021",0,71531
"NWT","31-10-2021",0,71531
"NWT","01-11-2021",514,72045
"NWT","02-11-2021",0,72045
"NWT","03-11-2021",0,72045
"NWT","04-11-2021",0,72045
"NWT","05-11-2021",0,72045
"NWT","06-11-2021",0,72045
"NWT","07-11-2021",0,72045
"NWT","08-11-2021",569,72614
"NWT","09-11-2021",0,72614
"NWT","10-11-2021",0,72614
"NWT","11-11-2021",0,72614
"NWT","12-11-2021",0,72614
"NWT","13-11-2021",0,72614
"NWT","14-11-2021",0,72614
"NWT","15-11-2021",9379,81993
"NWT","16-11-2021",0,81993
"NWT","17-11-2021",0,81993
"NWT","18-11-2021",0,81993
"NWT","19-11-2021",0,81993
"NWT","20-11-2021",0,81993
"NWT","21-11-2021",0,81993
"NWT","22-11-2021",3162,85155
"NWT","23-11-2021",0,85155
"NWT","24-11-2021",0,85155
"NWT","25-11-2021",0,85155
"NWT","26-11-2021",0,85155
"NWT","27-11-2021",0,85155
"NWT","28-11-2021",0,85155
"NWT","29-11-2021",1394,86549
"NWT","30-11-2021",0,86549
"NWT","01-12-2021",0,86549
"NWT","02-12-2021",0,86549
"NWT","03-12-2021",0,86549
"NWT","04-12-2021",0,86549
"NWT","05-12-2021",0,86549
"NWT","06-12-2021",2256,88805
"NWT","07-12-2021",0,88805
"NWT","08-12-2021",0,88805
"NWT","09-12-2021",0,88805
"NWT","10-12-2021",0,88805
"NWT","11-12-2021",0,88805
"NWT","12-12-2021",0,88805
"NWT","13-12-2021",1459,90264
"NWT","14-12-2021",0,90264
"NWT","15-12-2021",0,90264
"NWT","16-12-2021",0,90264
"NWT","17-12-2021",0,90264
"NWT","18-12-2021",0,90264
"NWT","19-12-2021",0,90264
"NWT","20-12-2021",1170,91434
"NWT","21-12-2021",0,91434
"NWT","22-12-2021",0,91434
"NWT","23-12-2021",0,91434
"NWT","24-12-2021",0,91434
"NWT","25-12-2021",0,91434
"NWT","26-12-2021",0,91434
"NWT","27-12-2021",0,91434
"NWT","28-12-2021",0,91434
"NWT","29-12-2021",0,91434
"NWT","30-12-2021",0,91434
"NWT","31-12-2021",0,91434
"NWT","01-01-2022",0,91434
"NWT","02-01-2022",0,91434
"NWT","03-01-2022",0,91434
"NWT","04-01-2022",0,91434
"NWT","05-01-2022",1522,92956
"NWT","06-01-2022",0,92956
"NWT","07-01-2022",0,92956
"NWT","08-01-2022",0,92956
"NWT","09-01-2022",0,92956
"NWT","10-01-2022",0,92956
"NWT","11-01-2022",970,93926
"NWT","12-01-2022",0,93926
"NWT","13-01-2022",0,93926
"NWT","14-01-2022",0,93926
"NWT","15-01-2022",0,93926
"NWT","16-01-2022",0,93926
"NWT","17-01-2022",1013,94939
"NWT","18-01-2022",0,94939
"NWT","19-01-2022",0,94939
"NWT","20-01-2022",0,94939
"NWT","21-01-2022",0,94939
"NWT","22-01-2022",0,94939
"NWT","23-01-2022",0,94939
"NWT","24-01-2022",930,95869
"NWT","25-01-2022",0,95869
"NWT","26-01-2022",0,95869
"NWT","27-01-2022",0,95869
"NWT","28-01-2022",0,95869
"NWT","29-01-2022",0,95869
"NWT","30-01-2022",0,95869
"NWT","31-01-2022",1057,96926
"NWT","01-02-2022",0,96926
"NWT","02-02-2022",0,96926
"NWT","03-02-2022",0,96926
"NWT","04-02-2022",0,96926
"NWT","05-02-2022",0,96926
"NWT","06-02-2022",0,96926
"NWT","07-02-2022",872,97798
"NWT","08-02-2022",0,97798
"NWT","09-02-2022",0,97798
"NWT","10-02-2022",0,97798
"NWT","11-02-2022",0,97798
"NWT","12-02-2022",0,97798
"NWT","13-02-2022",0,97798
"NWT","14-02-2022",723,98521
"NWT","15-02-2022",0,98521
"NWT","16-02-2022",0,98521
"NWT","17-02-2022",0,98521
"NWT","18-02-2022",0,98521
"NWT","19-02-2022",0,98521
"NWT","20-02-2022",0,98521
"NWT","21-02-2022",438,98959
"NWT","22-02-2022",0,98959
"NWT","23-02-2022",0,98959
"NWT","24-02-2022",0,98959
"NWT","25-02-2022",0,98959
"NWT","26-02-2022",0,98959
"NWT","27-02-2022",0,98959
"NWT","28-02-2022",340,99299
"NWT","01-03-2022",0,99299
"NWT","02-03-2022",0,99299
"NWT","03-03-2022",0,99299
"NWT","04-03-2022",0,99299
"NWT","05-03-2022",0,99299
"NWT","06-03-2022",0,99299
"NWT","07-03-2022",0,99299
"NWT","08-03-2022",0,99299
"NWT","09-03-2022",0,99299
"NWT","10-03-2022",0,99299
"NWT","11-03-2022",0,99299
"NWT","12-03-2022",0,99299
"NWT","13-03-2022",0,99299
"NWT","14-03-2022",453,99752
"NWT","15-03-2022",0,99752
"NWT","16-03-2022",0,99752
"NWT","17-03-2022",0,99752
"NWT","18-03-2022",0,99752
"NWT","19-03-2022",0,99752
"NWT","20-03-2022",0,99752
"NWT","21-03-2022",0,99752
"NWT","22-03-2022",0,99752
"Ontario","14-12-2020",5,5
"Ontario","15-12-2020",426,431
"Ontario","16-12-2020",544,975
"Ontario","17-12-2020",941,1916
"Ontario","18-12-2020",384,2300
"Ontario","19-12-2020",559,2859
"Ontario","20-12-2020",128,2987
"Ontario","21-12-2020",422,3409
"Ontario","22-12-2020",1841,5250
"Ontario","23-12-2020",3468,8718
"Ontario","24-12-2020",2038,10756
"Ontario","25-12-2020",302,11058
"Ontario","26-12-2020",0,11058
"Ontario","27-12-2020",169,11227
"Ontario","28-12-2020",1973,13200
"Ontario","29-12-2020",4848,18048
"Ontario","30-12-2020",555,18603
"Ontario","31-12-2020",4899,23502
"Ontario","01-01-2021",5373,28875
"Ontario","02-01-2021",4316,33191
"Ontario","03-01-2021",4360,37551
"Ontario","04-01-2021",4868,42419
"Ontario","05-01-2021",7611,50030
"Ontario","06-01-2021",10350,60380
"Ontario","07-01-2021",12251,72631
"Ontario","08-01-2021",14932,87563
"Ontario","09-01-2021",15700,103263
"Ontario","10-01-2021",9983,113246
"Ontario","11-01-2021",8859,122105
"Ontario","12-01-2021",11448,133553
"Ontario","13-01-2021",11231,144784
"Ontario","14-01-2021",14237,159021
"Ontario","15-01-2021",15609,174630
"Ontario","16-01-2021",14460,189090
"Ontario","17-01-2021",11007,200097
"Ontario","18-01-2021",9691,209788
"Ontario","19-01-2021",14346,224134
"Ontario","20-01-2021",13784,237918
"Ontario","21-01-2021",15899,253817
"Ontario","22-01-2021",11168,264985
"Ontario","23-01-2021",11161,276146
"Ontario","24-01-2021",4427,280573
"Ontario","25-01-2021",5537,286110
"Ontario","26-01-2021",9707,295817
"Ontario","27-01-2021",9513,305330
"Ontario","28-01-2021",11910,317240
"Ontario","29-01-2021",10215,327455
"Ontario","30-01-2021",9373,336828
"Ontario","31-01-2021",2816,339644
"Ontario","01-02-2021",2256,341900
"Ontario","02-02-2021",2715,344615
"Ontario","03-02-2021",3716,348331
"Ontario","04-02-2021",6724,355055
"Ontario","05-02-2021",7694,362749
"Ontario","06-02-2021",9917,372666
"Ontario","07-02-2021",6518,379184
"Ontario","08-02-2021",6987,386171
"Ontario","09-02-2021",12462,398633
"Ontario","10-02-2021",13486,412119
"Ontario","11-02-2021",14717,426836
"Ontario","12-02-2021",15605,442441
"Ontario","13-02-2021",14506,456947
"Ontario","14-02-2021",10679,467626
"Ontario","15-02-2021",0,467626
"Ontario","16-02-2021",12751,480377
"Ontario","17-02-2021",9107,489484
"Ontario","18-02-2021",12383,501867
"Ontario","19-02-2021",16967,518834
"Ontario","20-02-2021",21295,540129
"Ontario","21-02-2021",16404,556533
"Ontario","22-02-2021",12922,569455
"Ontario","23-02-2021",16252,585707
"Ontario","24-02-2021",17141,602848
"Ontario","25-02-2021",19112,621960
"Ontario","26-02-2021",21805,643765
"Ontario","27-02-2021",24339,668104
"Ontario","28-02-2021",19167,687271
"Ontario","01-03-2021",17424,704695
"Ontario","02-03-2021",22326,727021
"Ontario","03-03-2021",27398,754419
"Ontario","04-03-2021",30409,784828
"Ontario","05-03-2021",35886,820714
"Ontario","06-03-2021",39698,860412
"Ontario","07-03-2021",30192,890604
"Ontario","08-03-2021",21882,912486
"Ontario","09-03-2021",31047,943533
"Ontario","10-03-2021",35264,978797
"Ontario","11-03-2021",40610,1019407
"Ontario","12-03-2021",43503,1062910
"Ontario","13-03-2021",53586,1116496
"Ontario","14-03-2021",41859,1158355
"Ontario","15-03-2021",33198,1191553
"Ontario","16-03-2021",51579,1243132
"Ontario","17-03-2021",58202,1301334
"Ontario","18-03-2021",58119,1359453
"Ontario","19-03-2021",61146,1420599
"Ontario","20-03-2021",60283,1480882
"Ontario","21-03-2021",40823,1521705
"Ontario","22-03-2021",31335,1553040
"Ontario","23-03-2021",50659,1603699
"Ontario","24-03-2021",72451,1676150
"Ontario","25-03-2021",79446,1755596
"Ontario","26-03-2021",82996,1838592
"Ontario","27-03-2021",77740,1916332
"Ontario","28-03-2021",64950,1981282
"Ontario","29-03-2021",50453,2031735
"Ontario","30-03-2021",70645,2102380
"Ontario","31-03-2021",89873,2192253
"Ontario","01-04-2021",84060,2276313
"Ontario","02-04-2021",0,2276313
"Ontario","03-04-2021",147750,2424063
"Ontario","04-04-2021",0,2424063
"Ontario","05-04-2021",121577,2545640
"Ontario","06-04-2021",76199,2621839
"Ontario","07-04-2021",104382,2726221
"Ontario","08-04-2021",108563,2834784
"Ontario","09-04-2021",105382,2940166
"Ontario","10-04-2021",104783,3044949
"Ontario","11-04-2021",94794,3139743
"Ontario","12-04-2021",74722,3214465
"Ontario","13-04-2021",95692,3310157
"Ontario","14-04-2021",112817,3422974
"Ontario","15-04-2021",105430,3528404
"Ontario","16-04-2021",115634,3644038
"Ontario","17-04-2021",107278,3751316
"Ontario","18-04-2021",86565,3837881
"Ontario","19-04-2021",66897,3904778
"Ontario","20-04-2021",90409,3995187
"Ontario","21-04-2021",136695,4131882
"Ontario","22-04-2021",134920,4266802
"Ontario","23-04-2021",133872,4400674
"Ontario","24-04-2021",126694,4527368
"Ontario","25-04-2021",99235,4626603
"Ontario","26-04-2021",69608,4696211
"Ontario","27-04-2021",94819,4791030
"Ontario","28-04-2021",116173,4907203
"Ontario","29-04-2021",120567,5027770
"Ontario","30-04-2021",112214,5139984
"Ontario","01-05-2021",107700,5247684
"Ontario","02-05-2021",76685,5324369
"Ontario","03-05-2021",53880,5378249
"Ontario","04-05-2021",88871,5467120
"Ontario","05-05-2021",132603,5599723
"Ontario","06-05-2021",141038,5740761
"Ontario","07-05-2021",144724,5885485
"Ontario","08-05-2021",138125,6023610
"Ontario","09-05-2021",121075,6144685
"Ontario","10-05-2021",94093,6238778
"Ontario","11-05-2021",112103,6350881
"Ontario","12-05-2021",140785,6491666
"Ontario","13-05-2021",137697,6629363
"Ontario","14-05-2021",141765,6771128
"Ontario","15-05-2021",154104,6925232
"Ontario","16-05-2021",139583,7064815
"Ontario","17-05-2021",112330,7177145
"Ontario","18-05-2021",109032,7286177
"Ontario","19-05-2021",145461,7431638
"Ontario","20-05-2021",144986,7576624
"Ontario","21-05-2021",158524,7735148
"Ontario","22-05-2021",190129,7925277
"Ontario","23-05-2021",140330,8065607
"Ontario","24-05-2021",0,8065607
"Ontario","25-05-2021",186035,8251642
"Ontario","26-05-2021",135308,8386950
"Ontario","27-05-2021",143748,8530698
"Ontario","28-05-2021",159775,8690473
"Ontario","29-05-2021",148972,8839445
"Ontario","30-05-2021",144833,8984278
"Ontario","31-05-2021",97747,9082025
"Ontario","01-06-2021",120195,9202220
"Ontario","02-06-2021",139901,9342121
"Ontario","03-06-2021",150884,9493005
"Ontario","04-06-2021",168322,9661327
"Ontario","05-06-2021",172855,9834182
"Ontario","06-06-2021",158393,9992575
"Ontario","07-06-2021",116829,10109404
"Ontario","08-06-2021",158209,10267613
"Ontario","09-06-2021",177506,10445119
"Ontario","10-06-2021",182350,10627469
"Ontario","11-06-2021",199951,10827420
"Ontario","12-06-2021",195032,11022452
"Ontario","13-06-2021",186415,11208867
"Ontario","14-06-2021",135574,11344441
"Ontario","15-06-2021",184989,11529430
"Ontario","16-06-2021",202984,11732414
"Ontario","17-06-2021",210611,11943025
"Ontario","18-06-2021",210638,12153663
"Ontario","19-06-2021",213236,12366899
"Ontario","20-06-2021",184251,12551150
"Ontario","21-06-2021",118625,12669775
"Ontario","22-06-2021",199535,12869310
"Ontario","23-06-2021",227318,13096628
"Ontario","24-06-2021",225188,13321816
"Ontario","25-06-2021",246393,13568209
"Ontario","26-06-2021",256260,13824469
"Ontario","27-06-2021",202672,14027141
"Ontario","28-06-2021",180369,14207510
"Ontario","29-06-2021",265231,14472741
"Ontario","30-06-2021",268397,14741138
"Ontario","01-07-2021",0,14741138
"Ontario","02-07-2021",413361,15154499
"Ontario","03-07-2021",210504,15365003
"Ontario","04-07-2021",196068,15561071
"Ontario","05-07-2021",144795,15705866
"Ontario","06-07-2021",215719,15921585
"Ontario","07-07-2021",204594,16126179
"Ontario","08-07-2021",268884,16395063
"Ontario","09-07-2021",224864,16619927
"Ontario","10-07-2021",207507,16827434
"Ontario","11-07-2021",170537,16997971
"Ontario","12-07-2021",121653,17119624
"Ontario","13-07-2021",176834,17296458
"Ontario","14-07-2021",179197,17475655
"Ontario","15-07-2021",166201,17641856
"Ontario","16-07-2021",168616,17810472
"Ontario","17-07-2021",169103,17979575
"Ontario","18-07-2021",134654,18114229
"Ontario","19-07-2021",91320,18205549
"Ontario","20-07-2021",132963,18338512
"Ontario","21-07-2021",140491,18479003
"Ontario","22-07-2021",125166,18604169
"Ontario","23-07-2021",120231,18724400
"Ontario","24-07-2021",124261,18848661
"Ontario","25-07-2021",103812,18952473
"Ontario","26-07-2021",65920,19018393
"Ontario","27-07-2021",92035,19110428
"Ontario","28-07-2021",94116,19204544
"Ontario","29-07-2021",89157,19293701
"Ontario","30-07-2021",83907,19377608
"Ontario","31-07-2021",81590,19459198
"Ontario","01-08-2021",60583,19519781
"Ontario","02-08-2021",0,19519781
"Ontario","03-08-2021",72136,19591917
"Ontario","04-08-2021",60094,19652011
"Ontario","05-08-2021",58213,19710224
"Ontario","06-08-2021",53975,19764199
"Ontario","07-08-2021",61041,19825240
"Ontario","08-08-2021",46970,19872210
"Ontario","09-08-2021",29949,19902159
"Ontario","10-08-2021",48278,19950437
"Ontario","11-08-2021",48307,19998744
"Ontario","12-08-2021",49167,20047911
"Ontario","13-08-2021",48682,20096593
"Ontario","14-08-2021",50343,20146936
"Ontario","15-08-2021",40907,20187843
"Ontario","16-08-2021",26033,20213876
"Ontario","17-08-2021",40626,20254502
"Ontario","18-08-2021",41016,20295518
"Ontario","19-08-2021",45545,20341063
"Ontario","20-08-2021",45748,20386811
"Ontario","21-08-2021",46629,20433440
"Ontario","22-08-2021",33535,20466975
"Ontario","23-08-2021",22589,20489564
"Ontario","24-08-2021",36655,20526219
"Ontario","25-08-2021",40254,20566473
"Ontario","26-08-2021",38932,20605405
"Ontario","27-08-2021",36195,20641600
"Ontario","28-08-2021",37716,20679316
"Ontario","29-08-2021",29695,20709011
"Ontario","30-08-2021",17767,20726778
"Ontario","31-08-2021",31176,20757954
"Ontario","01-09-2021",34703,20792657
"Ontario","02-09-2021",35152,20827809
"Ontario","03-09-2021",43855,20871664
"Ontario","04-09-2021",45886,20917550
"Ontario","05-09-2021",32450,20950000
"Ontario","06-09-2021",0,20950000
"Ontario","07-09-2021",35716,20985716
"Ontario","08-09-2021",38174,21023890
"Ontario","09-09-2021",38391,21062281
"Ontario","10-09-2021",35844,21098125
"Ontario","11-09-2021",40220,21138345
"Ontario","12-09-2021",29182,21167527
"Ontario","13-09-2021",15842,21183369
"Ontario","14-09-2021",28657,21212026
"Ontario","15-09-2021",35691,21247717
"Ontario","16-09-2021",35463,21283180
"Ontario","17-09-2021",35285,21318465
"Ontario","18-09-2021",39210,21357675
"Ontario","19-09-2021",29975,21387650
"Ontario","20-09-2021",16712,21404362
"Ontario","21-09-2021",30072,21434434
"Ontario","22-09-2021",40596,21475030
"Ontario","23-09-2021",44754,21519784
"Ontario","24-09-2021",46550,21566334
"Ontario","25-09-2021",47871,21614205
"Ontario","26-09-2021",37645,21651850
"Ontario","27-09-2021",20454,21672304
"Ontario","28-09-2021",31855,21704159
"Ontario","29-09-2021",38297,21742456
"Ontario","30-09-2021",0,21742456
"Ontario","01-10-2021",67257,21809713
"Ontario","02-10-2021",37333,21847046
"Ontario","03-10-2021",23884,21870930
"Ontario","04-10-2021",19255,21890185
"Ontario","05-10-2021",26472,21916657
"Ontario","06-10-2021",32296,21948953
"Ontario","07-10-2021",25240,21974193
"Ontario","08-10-2021",30575,22004768
"Ontario","09-10-2021",37715,22042483
"Ontario","10-10-2021",29247,22071730
"Ontario","11-10-2021",0,22071730
"Ontario","12-10-2021",17725,22089455
"Ontario","13-10-2021",29857,22119312
"Ontario","14-10-2021",28756,22148068
"Ontario","15-10-2021",29762,22177830
"Ontario","16-10-2021",30369,22208199
"Ontario","17-10-2021",23011,22231210
"Ontario","18-10-2021",12399,22243609
"Ontario","19-10-2021",21310,22264919
"Ontario","20-10-2021",25284,22290203
"Ontario","21-10-2021",22689,22312892
"Ontario","22-10-2021",25770,22338662
"Ontario","23-10-2021",27243,22365905
"Ontario","24-10-2021",19285,22385190
"Ontario","25-10-2021",9697,22394887
"Ontario","26-10-2021",18428,22413315
"Ontario","27-10-2021",21761,22435076
"Ontario","28-10-2021",20408,22455484
"Ontario","29-10-2021",21170,22476654
"Ontario","30-10-2021",22323,22498977
"Ontario","31-10-2021",15740,22514717
"Ontario","01-11-2021",7427,22522144
"Ontario","02-11-2021",13774,22535918
"Ontario","03-11-2021",16933,22552851
"Ontario","04-11-2021",16588,22569439
"Ontario","05-11-2021",15901,22585340
"Ontario","06-11-2021",8809,22594149
"Ontario","07-11-2021",12754,22606903
"Ontario","08-11-2021",17057,22623960
"Ontario","09-11-2021",13049,22637009
"Ontario","10-11-2021",15257,22652266
"Ontario","11-11-2021",15962,22668228
"Ontario","12-11-2021",13468,22681696
"Ontario","13-11-2021",18138,22699834
"Ontario","14-11-2021",13066,22712900
"Ontario","15-11-2021",7251,22720151
"Ontario","16-11-2021",13146,22733297
"Ontario","17-11-2021",15040,22748337
"Ontario","18-11-2021",13862,22762199
"Ontario","19-11-2021",13897,22776096
"Ontario","20-11-2021",15367,22791463
"Ontario","21-11-2021",11404,22802867
"Ontario","22-11-2021",6488,22809355
"Ontario","23-11-2021",11096,22820451
"Ontario","24-11-2021",12706,22833157
"Ontario","25-11-2021",12566,22845723
"Ontario","26-11-2021",19820,22865543
"Ontario","27-11-2021",29674,22895217
"Ontario","28-11-2021",33249,22928466
"Ontario","29-11-2021",22442,22950908
"Ontario","30-11-2021",27129,22978037
"Ontario","01-12-2021",33445,23011482
"Ontario","02-12-2021",33979,23045461
"Ontario","03-12-2021",787013,23832474
"Ontario","04-12-2021",80898,23913372
"Ontario","05-12-2021",62989,23976361
"Ontario","06-12-2021",39472,24015833
"Ontario","07-12-2021",60631,24076464
"Ontario","08-12-2021",74325,24150789
"Ontario","09-12-2021",75093,24225882
"Ontario","10-12-2021",78390,24304272
"Ontario","11-12-2021",83534,24387806
"Ontario","12-12-2021",61920,24449726
"Ontario","13-12-2021",34966,24484692
"Ontario","14-12-2021",99397,24584089
"Ontario","15-12-2021",127613,24711702
"Ontario","16-12-2021",137803,24849505
"Ontario","17-12-2021",156525,25006030
"Ontario","18-12-2021",168923,25174953
"Ontario","19-12-2021",140827,25315780
"Ontario","20-12-2021",107158,25422938
"Ontario","21-12-2021",206595,25629533
"Ontario","22-12-2021",230516,25860049
"Ontario","23-12-2021",253258,26113307
"Ontario","24-12-2021",229743,26343050
"Ontario","25-12-2021",92411,26435461
"Ontario","26-12-2021",13907,26449368
"Ontario","27-12-2021",45164,26494532
"Ontario","28-12-2021",144705,26639237
"Ontario","29-12-2021",176349,26815586
"Ontario","30-12-2021",197280,27012866
"Ontario","31-12-2021",195809,27208675
"Ontario","01-01-2022",102450,27311125
"Ontario","02-01-2022",22050,27333175
"Ontario","03-01-2022",89188,27422363
"Ontario","04-01-2022",148577,27570940
"Ontario","05-01-2022",180013,27750953
"Ontario","06-01-2022",195005,27945958
"Ontario","07-01-2022",194093,28140051
"Ontario","08-01-2022",184101,28324152
"Ontario","09-01-2022",133661,28457813
"Ontario","10-01-2022",93741,28551554
"Ontario","11-01-2022",141693,28693247
"Ontario","12-01-2022",159877,28853124
"Ontario","13-01-2022",164160,29017284
"Ontario","14-01-2022",163036,29180320
"Ontario","15-01-2022",157357,29337677
"Ontario","16-01-2022",117452,29455129
"Ontario","17-01-2022",67184,29522313
"Ontario","18-01-2022",39418,29561731
"Ontario","19-01-2022",103143,29664874
"Ontario","20-01-2022",104845,29769719
"Ontario","21-01-2022",102664,29872383
"Ontario","22-01-2022",104885,29977268
"Ontario","23-01-2022",79025,30056293
"Ontario","24-01-2022",43979,30100272
"Ontario","25-01-2022",66528,30166800
"Ontario","26-01-2022",79059,30245859
"Ontario","27-01-2022",79322,30325181
"Ontario","28-01-2022",77968,30403149
"Ontario","29-01-2022",87121,30490270
"Ontario","30-01-2022",68327,30558597
"Ontario","31-01-2022",91134,30649731
"Ontario","01-02-2022",57600,30707331
"Ontario","02-02-2022",64978,30772309
"Ontario","03-02-2022",60241,30832550
"Ontario","04-02-2022",50432,30882982
"Ontario","05-02-2022",66029,30949011
"Ontario","06-02-2022",0,30949011
"Ontario","07-02-2022",76139,31025150
"Ontario","08-02-2022",39608,31064758
"Ontario","09-02-2022",40906,31105664
"Ontario","10-02-2022",47423,31153087
"Ontario","11-02-2022",46607,31199694
"Ontario","12-02-2022",48320,31248014
"Ontario","13-02-2022",37546,31285560
"Ontario","14-02-2022",18265,31303825
"Ontario","15-02-2022",25258,31329083
"Ontario","16-02-2022",31735,31360818
"Ontario","17-02-2022",0,31360818
"Ontario","18-02-2022",63470,31424288
"Ontario","19-02-2022",42927,31467215
"Ontario","20-02-2022",33700,31500915
"Ontario","21-02-2022",0,31500915
"Ontario","22-02-2022",27642,31528557
"Ontario","23-02-2022",30467,31559024
"Ontario","24-02-2022",29826,31588850
"Ontario","25-02-2022",27452,31616302
"Ontario","26-02-2022",29072,31645374
"Ontario","27-02-2022",27897,31673271
"Ontario","28-02-2022",10810,31684081
"Ontario","01-03-2022",16438,31700519
"Ontario","02-03-2022",19014,31719533
"Ontario","03-03-2022",17291,31736824
"Ontario","04-03-2022",17047,31753871
"Ontario","05-03-2022",19812,31773683
"Ontario","06-03-2022",17554,31791237
"Ontario","07-03-2022",6281,31797518
"Ontario","08-03-2022",9737,31807255
"Ontario","09-03-2022",13764,31821019
"Ontario","10-03-2022",14705,31835724
"Ontario","11-03-2022",15097,31850821
"Ontario","12-03-2022",16229,31867050
"Ontario","13-03-2022",15142,31882192
"Ontario","14-03-2022",6602,31888794
"Ontario","15-03-2022",11697,31900491
"Ontario","16-03-2022",14803,31915294
"Ontario","17-03-2022",14246,31929540
"Ontario","18-03-2022",12997,31942537
"Ontario","19-03-2022",15321,31957858
"Ontario","20-03-2022",11936,31969794
"Ontario","21-03-2022",5281,31975075
"Ontario","22-03-2022",8377,31983452
"PEI","14-12-2020",0,0
"PEI","15-12-2020",0,0
"PEI","16-12-2020",140,140
"PEI","17-12-2020",204,344
"PEI","18-12-2020",0,344
"PEI","19-12-2020",0,344
"PEI","20-12-2020",0,344
"PEI","21-12-2020",0,344
"PEI","22-12-2020",1156,1500
"PEI","23-12-2020",0,1500
"PEI","24-12-2020",0,1500
"PEI","25-12-2020",0,1500
"PEI","26-12-2020",0,1500
"PEI","27-12-2020",0,1500
"PEI","28-12-2020",0,1500
"PEI","29-12-2020",0,1500
"PEI","30-12-2020",0,1500
"PEI","31-12-2020",450,1950
"PEI","01-01-2021",0,1950
"PEI","02-01-2021",0,1950
"PEI","03-01-2021",0,1950
"PEI","04-01-2021",0,1950
"PEI","05-01-2021",170,2120
"PEI","06-01-2021",0,2120
"PEI","07-01-2021",0,2120
"PEI","08-01-2021",1480,3600
"PEI","09-01-2021",0,3600
"PEI","10-01-2021",0,3600
"PEI","11-01-2021",0,3600
"PEI","12-01-2021",626,4226
"PEI","13-01-2021",0,4226
"PEI","14-01-2021",876,5102
"PEI","15-01-2021",0,5102
"PEI","16-01-2021",0,5102
"PEI","17-01-2021",0,5102
"PEI","18-01-2021",0,5102
"PEI","19-01-2021",808,5910
"PEI","20-01-2021",0,5910
"PEI","21-01-2021",615,6525
"PEI","22-01-2021",0,6525
"PEI","23-01-2021",0,6525
"PEI","24-01-2021",0,6525
"PEI","25-01-2021",0,6525
"PEI","26-01-2021",592,7117
"PEI","27-01-2021",0,7117
"PEI","28-01-2021",393,7510
"PEI","29-01-2021",0,7510
"PEI","30-01-2021",0,7510
"PEI","31-01-2021",0,7510
"PEI","01-02-2021",0,7510
"PEI","02-02-2021",346,7856
"PEI","03-02-2021",0,7856
"PEI","04-02-2021",481,8337
"PEI","05-02-2021",0,8337
"PEI","06-02-2021",0,8337
"PEI","07-02-2021",0,8337
"PEI","08-02-2021",0,8337
"PEI","09-02-2021",491,8828
"PEI","10-02-2021",0,8828
"PEI","11-02-2021",0,8828
"PEI","12-02-2021",311,9139
"PEI","13-02-2021",0,9139
"PEI","14-02-2021",0,9139
"PEI","15-02-2021",0,9139
"PEI","16-02-2021",1471,10610
"PEI","17-02-2021",0,10610
"PEI","18-02-2021",81,10691
"PEI","19-02-2021",0,10691
"PEI","20-02-2021",0,10691
"PEI","21-02-2021",0,10691
"PEI","22-02-2021",0,10691
"PEI","23-02-2021",939,11630
"PEI","24-02-2021",0,11630
"PEI","25-02-2021",546,12176
"PEI","26-02-2021",0,12176
"PEI","27-02-2021",0,12176
"PEI","28-02-2021",0,12176
"PEI","01-03-2021",0,12176
"PEI","02-03-2021",420,12596
"PEI","03-03-2021",0,12596
"PEI","04-03-2021",685,13281
"PEI","05-03-2021",0,13281
"PEI","06-03-2021",0,13281
"PEI","07-03-2021",0,13281
"PEI","08-03-2021",0,13281
"PEI","09-03-2021",908,14189
"PEI","10-03-2021",0,14189
"PEI","11-03-2021",1037,15226
"PEI","12-03-2021",0,15226
"PEI","13-03-2021",422,15648
"PEI","14-03-2021",0,15648
"PEI","15-03-2021",0,15648
"PEI","16-03-2021",351,15999
"PEI","17-03-2021",0,15999
"PEI","18-03-2021",780,16779
"PEI","19-03-2021",0,16779
"PEI","20-03-2021",0,16779
"PEI","21-03-2021",0,16779
"PEI","22-03-2021",0,16779
"PEI","23-03-2021",1853,18632
"PEI","24-03-2021",0,18632
"PEI","25-03-2021",1626,20258
"PEI","26-03-2021",0,20258
"PEI","27-03-2021",0,20258
"PEI","28-03-2021",0,20258
"PEI","29-03-2021",0,20258
"PEI","30-03-2021",1454,21712
"PEI","31-03-2021",0,21712
"PEI","01-04-2021",0,21712
"PEI","02-04-2021",3441,25153
"PEI","03-04-2021",0,25153
"PEI","04-04-2021",0,25153
"PEI","05-04-2021",0,25153
"PEI","06-04-2021",2295,27448
"PEI","07-04-2021",0,27448
"PEI","08-04-2021",3489,30937
"PEI","09-04-2021",0,30937
"PEI","10-04-2021",0,30937
"PEI","11-04-2021",0,30937
"PEI","12-04-2021",0,30937
"PEI","13-04-2021",4156,35093
"PEI","14-04-2021",0,35093
"PEI","15-04-2021",4411,39504
"PEI","16-04-2021",0,39504
"PEI","17-04-2021",0,39504
"PEI","18-04-2021",0,39504
"PEI","19-04-2021",0,39504
"PEI","20-04-2021",3514,43018
"PEI","21-04-2021",0,43018
"PEI","22-04-2021",3260,46278
"PEI","23-04-2021",0,46278
"PEI","24-04-2021",0,46278
"PEI","25-04-2021",0,46278
"PEI","26-04-2021",0,46278
"PEI","27-04-2021",3618,49896
"PEI","28-04-2021",0,49896
"PEI","29-04-2021",3306,53202
"PEI","30-04-2021",0,53202
"PEI","01-05-2021",0,53202
"PEI","02-05-2021",0,53202
"PEI","03-05-2021",0,53202
"PEI","04-05-2021",2902,56104
"PEI","05-05-2021",0,56104
"PEI","06-05-2021",654,56758
"PEI","07-05-2021",3000,59758
"PEI","08-05-2021",0,59758
"PEI","09-05-2021",0,59758
"PEI","10-05-2021",0,59758
"PEI","11-05-2021",3859,63617
"PEI","12-05-2021",0,63617
"PEI","13-05-2021",4141,67758
"PEI","14-05-2021",0,67758
"PEI","15-05-2021",0,67758
"PEI","16-05-2021",0,67758
"PEI","17-05-2021",0,67758
"PEI","18-05-2021",6220,73978
"PEI","19-05-2021",0,73978
"PEI","20-05-2021",4839,78817
"PEI","21-05-2021",0,78817
"PEI","22-05-2021",0,78817
"PEI","23-05-2021",0,78817
"PEI","24-05-2021",0,78817
"PEI","25-05-2021",4924,83741
"PEI","26-05-2021",0,83741
"PEI","27-05-2021",4120,87861
"PEI","28-05-2021",0,87861
"PEI","29-05-2021",0,87861
"PEI","30-05-2021",0,87861
"PEI","31-05-2021",0,87861
"PEI","01-06-2021",5485,93346
"PEI","02-06-2021",0,93346
"PEI","03-06-2021",5282,98628
"PEI","04-06-2021",2142,100770
"PEI","05-06-2021",0,100770
"PEI","06-06-2021",0,100770
"PEI","07-06-2021",0,100770
"PEI","08-06-2021",3511,104281
"PEI","09-06-2021",0,104281
"PEI","10-06-2021",7335,111616
"PEI","11-06-2021",0,111616
"PEI","12-06-2021",0,111616
"PEI","13-06-2021",0,111616
"PEI","14-06-2021",0,111616
"PEI","15-06-2021",5075,116691
"PEI","16-06-2021",0,116691
"PEI","17-06-2021",6517,123208
"PEI","18-06-2021",0,123208
"PEI","19-06-2021",0,123208
"PEI","20-06-2021",0,123208
"PEI","21-06-2021",0,123208
"PEI","22-06-2021",5846,129054
"PEI","23-06-2021",0,129054
"PEI","24-06-2021",7418,136472
"PEI","25-06-2021",0,136472
"PEI","26-06-2021",0,136472
"PEI","27-06-2021",0,136472
"PEI","28-06-2021",0,136472
"PEI","29-06-2021",6345,142817
"PEI","30-06-2021",0,142817
"PEI","01-07-2021",7553,150370
"PEI","02-07-2021",0,150370
"PEI","03-07-2021",0,150370
"PEI","04-07-2021",0,150370
"PEI","05-07-2021",0,150370
"PEI","06-07-2021",3619,153989
"PEI","07-07-2021",0,153989
"PEI","08-07-2021",7671,161660
"PEI","09-07-2021",0,161660
"PEI","10-07-2021",0,161660
"PEI","11-07-2021",0,161660
"PEI","12-07-2021",0,161660
"PEI","13-07-2021",6941,168601
"PEI","14-07-2021",0,168601
"PEI","15-07-2021",6214,174815
"PEI","16-07-2021",0,174815
"PEI","17-07-2021",0,174815
"PEI","18-07-2021",0,174815
"PEI","19-07-2021",0,174815
"PEI","20-07-2021",5791,180606
"PEI","21-07-2021",0,180606
"PEI","22-07-2021",6554,187160
"PEI","23-07-2021",0,187160
"PEI","24-07-2021",0,187160
"PEI","25-07-2021",0,187160
"PEI","26-07-2021",0,187160
"PEI","27-07-2021",5742,192902
"PEI","28-07-2021",0,192902
"PEI","29-07-2021",6289,199191
"PEI","30-07-2021",0,199191
"PEI","31-07-2021",0,199191
"PEI","01-08-2021",0,199191
"PEI","02-08-2021",0,199191
"PEI","03-08-2021",5595,204786
"PEI","04-08-2021",0,204786
"PEI","05-08-2021",6160,210946
"PEI","06-08-2021",0,210946
"PEI","07-08-2021",0,210946
"PEI","08-08-2021",0,210946
"PEI","09-08-2021",0,210946
"PEI","10-08-2021",5523,216469
"PEI","11-08-2021",0,216469
"PEI","12-08-2021",5967,222436
"PEI","13-08-2021",0,222436
"PEI","14-08-2021",0,222436
"PEI","15-08-2021",0,222436
"PEI","16-08-2021",0,222436
"PEI","17-08-2021",4794,227230
"PEI","18-08-2021",0,227230
"PEI","19-08-2021",5511,232741
"PEI","20-08-2021",0,232741
"PEI","21-08-2021",0,232741
"PEI","22-08-2021",0,232741
"PEI","23-08-2021",0,232741
"PEI","24-08-2021",3693,236434
"PEI","25-08-2021",0,236434
"PEI","26-08-2021",3449,239883
"PEI","27-08-2021",0,239883
"PEI","28-08-2021",0,239883
"PEI","29-08-2021",0,239883
"PEI","30-08-2021",0,239883
"PEI","31-08-2021",1612,241495
"PEI","01-09-2021",0,241495
"PEI","02-09-2021",2155,243650
"PEI","03-09-2021",0,243650
"PEI","04-09-2021",0,243650
"PEI","05-09-2021",0,243650
"PEI","06-09-2021",0,243650
"PEI","07-09-2021",1163,244813
"PEI","08-09-2021",0,244813
"PEI","09-09-2021",1401,246214
"PEI","10-09-2021",0,246214
"PEI","11-09-2021",0,246214
"PEI","12-09-2021",0,246214
"PEI","13-09-2021",1171,247385
"PEI","14-09-2021",0,247385
"PEI","15-09-2021",0,247385
"PEI","16-09-2021",1550,248935
"PEI","17-09-2021",0,248935
"PEI","18-09-2021",0,248935
"PEI","19-09-2021",0,248935
"PEI","20-09-2021",0,248935
"PEI","21-09-2021",0,248935
"PEI","22-09-2021",1288,250223
"PEI","23-09-2021",1483,251706
"PEI","24-09-2021",0,251706
"PEI","25-09-2021",0,251706
"PEI","26-09-2021",0,251706
"PEI","27-09-2021",0,251706
"PEI","28-09-2021",1167,252873
"PEI","29-09-2021",0,252873
"PEI","30-09-2021",0,252873
"PEI","01-10-2021",2189,255062
"PEI","02-10-2021",0,255062
"PEI","03-10-2021",0,255062
"PEI","04-10-2021",0,255062
"PEI","05-10-2021",555,255617
"PEI","06-10-2021",0,255617
"PEI","07-10-2021",0,255617
"PEI","08-10-2021",0,255617
"PEI","09-10-2021",0,255617
"PEI","10-10-2021",0,255617
"PEI","11-10-2021",0,255617
"PEI","12-10-2021",0,255617
"PEI","13-10-2021",3345,258962
"PEI","14-10-2021",1062,260024
"PEI","15-10-2021",0,260024
"PEI","16-10-2021",0,260024
"PEI","17-10-2021",0,260024
"PEI","18-10-2021",0,260024
"PEI","19-10-2021",1466,261490
"PEI","20-10-2021",0,261490
"PEI","21-10-2021",1101,262591
"PEI","22-10-2021",0,262591
"PEI","23-10-2021",0,262591
"PEI","24-10-2021",0,262591
"PEI","25-10-2021",0,262591
"PEI","26-10-2021",1037,263628
"PEI","27-10-2021",0,263628
"PEI","28-10-2021",1068,264696
"PEI","29-10-2021",0,264696
"PEI","30-10-2021",0,264696
"PEI","31-10-2021",0,264696
"PEI","01-11-2021",0,264696
"PEI","02-11-2021",1017,265713
"PEI","03-11-2021",0,265713
"PEI","04-11-2021",1329,267042
"PEI","05-11-2021",0,267042
"PEI","06-11-2021",0,267042
"PEI","07-11-2021",0,267042
"PEI","08-11-2021",0,267042
"PEI","09-11-2021",904,267946
"PEI","10-11-2021",1921,269867
"PEI","11-11-2021",0,269867
"PEI","12-11-2021",0,269867
"PEI","13-11-2021",0,269867
"PEI","14-11-2021",0,269867
"PEI","15-11-2021",0,269867
"PEI","16-11-2021",1355,271222
"PEI","17-11-2021",0,271222
"PEI","18-11-2021",1515,272737
"PEI","19-11-2021",0,272737
"PEI","20-11-2021",0,272737
"PEI","21-11-2021",0,272737
"PEI","22-11-2021",0,272737
"PEI","23-11-2021",1285,274022
"PEI","24-11-2021",0,274022
"PEI","25-11-2021",1308,275330
"PEI","26-11-2021",0,275330
"PEI","27-11-2021",0,275330
"PEI","28-11-2021",0,275330
"PEI","29-11-2021",0,275330
"PEI","30-11-2021",1946,277276
"PEI","01-12-2021",0,277276
"PEI","02-12-2021",1601,278877
"PEI","03-12-2021",0,278877
"PEI","04-12-2021",0,278877
"PEI","05-12-2021",0,278877
"PEI","06-12-2021",0,278877
"PEI","07-12-2021",1607,280484
"PEI","08-12-2021",0,280484
"PEI","09-12-2021",2259,282743
"PEI","10-12-2021",0,282743
"PEI","11-12-2021",0,282743
"PEI","12-12-2021",0,282743
"PEI","13-12-2021",0,282743
"PEI","14-12-2021",1321,284064
"PEI","15-12-2021",0,284064
"PEI","16-12-2021",2428,286492
"PEI","17-12-2021",0,286492
"PEI","18-12-2021",0,286492
"PEI","19-12-2021",0,286492
"PEI","20-12-2021",0,286492
"PEI","21-12-2021",2641,289133
"PEI","22-12-2021",0,289133
"PEI","23-12-2021",3486,292619
"PEI","24-12-2021",0,292619
"PEI","25-12-2021",0,292619
"PEI","26-12-2021",0,292619
"PEI","27-12-2021",0,292619
"PEI","28-12-2021",0,292619
"PEI","29-12-2021",1827,294446
"PEI","30-12-2021",1569,296015
"PEI","31-12-2021",0,296015
"PEI","01-01-2022",0,296015
"PEI","02-01-2022",0,296015
"PEI","03-01-2022",0,296015
"PEI","04-01-2022",2513,298528
"PEI","05-01-2022",0,298528
"PEI","06-01-2022",4243,302771
"PEI","07-01-2022",0,302771
"PEI","08-01-2022",0,302771
"PEI","09-01-2022",0,302771
"PEI","10-01-2022",0,302771
"PEI","11-01-2022",4631,307402
"PEI","12-01-2022",0,307402
"PEI","13-01-2022",7478,314880
"PEI","14-01-2022",0,314880
"PEI","15-01-2022",0,314880
"PEI","16-01-2022",0,314880
"PEI","17-01-2022",0,314880
"PEI","18-01-2022",4794,319674
"PEI","19-01-2022",0,319674
"PEI","20-01-2022",6137,325811
"PEI","21-01-2022",0,325811
"PEI","22-01-2022",0,325811
"PEI","23-01-2022",0,325811
"PEI","24-01-2022",0,325811
"PEI","25-01-2022",5961,331772
"PEI","26-01-2022",0,331772
"PEI","27-01-2022",0,331772
"PEI","28-01-2022",8668,340440
"PEI","29-01-2022",0,340440
"PEI","30-01-2022",0,340440
"PEI","31-01-2022",0,340440
"PEI","01-02-2022",2545,342985
"PEI","02-02-2022",0,342985
"PEI","03-02-2022",5484,348469
"PEI","04-02-2022",0,348469
"PEI","05-02-2022",0,348469
"PEI","06-02-2022",0,348469
"PEI","07-02-2022",0,348469
"PEI","08-02-2022",2533,351002
"PEI","09-02-2022",0,351002
"PEI","10-02-2022",4227,355229
"PEI","11-02-2022",0,355229
"PEI","12-02-2022",0,355229
"PEI","13-02-2022",0,355229
"PEI","14-02-2022",0,355229
"PEI","15-02-2022",0,355229
"PEI","16-02-2022",3362,358591
"PEI","17-02-2022",0,358591
"PEI","18-02-2022",0,358591
"PEI","19-02-2022",0,358591
"PEI","20-02-2022",0,358591
"PEI","21-02-2022",0,358591
"PEI","22-02-2022",5087,363678
"PEI","23-02-2022",0,363678
"PEI","24-02-2022",0,363678
"PEI","25-02-2022",0,363678
"PEI","26-02-2022",0,363678
"PEI","27-02-2022",0,363678
"PEI","28-02-2022",0,363678
"PEI","01-03-2022",3622,367300
"PEI","02-03-2022",0,367300
"PEI","03-03-2022",0,367300
"PEI","04-03-2022",0,367300
"PEI","05-03-2022",0,367300
"PEI","06-03-2022",0,367300
"PEI","07-03-2022",0,367300
"PEI","08-03-2022",1773,369073
"PEI","09-03-2022",0,369073
"PEI","10-03-2022",0,369073
"PEI","11-03-2022",0,369073
"PEI","12-03-2022",0,369073
"PEI","13-03-2022",0,369073
"PEI","14-03-2022",0,369073
"PEI","15-03-2022",2081,371154
"PEI","16-03-2022",0,371154
"PEI","17-03-2022",0,371154
"PEI","18-03-2022",0,371154
"PEI","19-03-2022",0,371154
"PEI","20-03-2022",0,371154
"PEI","21-03-2022",0,371154
"PEI","22-03-2022",1224,372378
"Quebec","14-12-2020",292,292
"Quebec","15-12-2020",0,292
"Quebec","16-12-2020",1156,1448
"Quebec","17-12-2020",941,2389
"Quebec","18-12-2020",901,3290
"Quebec","19-12-2020",715,4005
"Quebec","20-12-2020",716,4721
"Quebec","21-12-2020",115,4836
"Quebec","22-12-2020",502,5338
"Quebec","23-12-2020",1891,7229
"Quebec","24-12-2020",3942,11171
"Quebec","25-12-2020",0,11171
"Quebec","26-12-2020",3019,14190
"Quebec","27-12-2020",3392,17582
"Quebec","28-12-2020",2857,20439
"Quebec","29-12-2020",502,20941
"Quebec","30-12-2020",2739,23680
"Quebec","31-12-2020",3942,27622
"Quebec","01-01-2021",0,27622
"Quebec","02-01-2021",342,27964
"Quebec","03-01-2021",798,28762
"Quebec","04-01-2021",1711,30473
"Quebec","05-01-2021",2290,32763
"Quebec","06-01-2021",6221,38984
"Quebec","07-01-2021",9648,48632
"Quebec","08-01-2021",13970,62602
"Quebec","09-01-2021",12521,75123
"Quebec","10-01-2021",9264,84387
"Quebec","11-01-2021",8065,92452
"Quebec","12-01-2021",7058,99510
"Quebec","13-01-2021",7855,107365
"Quebec","14-01-2021",8339,115704
"Quebec","15-01-2021",11369,127073
"Quebec","16-01-2021",10783,137856
"Quebec","17-01-2021",8838,146694
"Quebec","18-01-2021",6845,153539
"Quebec","19-01-2021",10514,164053
"Quebec","20-01-2021",10207,174260
"Quebec","21-01-2021",11950,186210
"Quebec","22-01-2021",14417,200627
"Quebec","23-01-2021",9625,210252
"Quebec","24-01-2021",8503,218755
"Quebec","25-01-2021",1960,220715
"Quebec","26-01-2021",4164,224879
"Quebec","27-01-2021",4340,229219
"Quebec","28-01-2021",3767,232986
"Quebec","29-01-2021",3071,236057
"Quebec","30-01-2021",2086,238143
"Quebec","31-01-2021",84,238227
"Quebec","01-02-2021",796,239023
"Quebec","02-02-2021",1807,240830
"Quebec","03-02-2021",716,241546
"Quebec","04-02-2021",2409,243955
"Quebec","05-02-2021",4718,248673
"Quebec","06-02-2021",5231,253904
"Quebec","07-02-2021",2646,256550
"Quebec","08-02-2021",2638,259188
"Quebec","09-02-2021",3406,262594
"Quebec","10-02-2021",3996,266590
"Quebec","11-02-2021",5742,272332
"Quebec","12-02-2021",8280,280612
"Quebec","13-02-2021",10341,290953
"Quebec","14-02-2021",2991,293944
"Quebec","15-02-2021",942,294886
"Quebec","16-02-2021",2808,297694
"Quebec","17-02-2021",1979,299673
"Quebec","18-02-2021",2445,302118
"Quebec","19-02-2021",9533,311651
"Quebec","20-02-2021",17673,329324
"Quebec","21-02-2021",15576,344900
"Quebec","22-02-2021",8994,353894
"Quebec","23-02-2021",12084,365978
"Quebec","24-02-2021",10932,376910
"Quebec","25-02-2021",10166,387076
"Quebec","26-02-2021",13464,400540
"Quebec","27-02-2021",17859,418399
"Quebec","28-02-2021",13856,432255
"Quebec","01-03-2021",6560,438815
"Quebec","02-03-2021",16513,455328
"Quebec","03-03-2021",17382,472710
"Quebec","04-03-2021",17794,490504
"Quebec","05-03-2021",19975,510479
"Quebec","06-03-2021",21533,532012
"Quebec","07-03-2021",16124,548136
"Quebec","08-03-2021",16166,564302
"Quebec","09-03-2021",16726,581028
"Quebec","10-03-2021",18805,599833
"Quebec","11-03-2021",19227,619060
"Quebec","12-03-2021",29603,648663
"Quebec","13-03-2021",32824,681487
"Quebec","14-03-2021",34094,715581
"Quebec","15-03-2021",28527,744108
"Quebec","16-03-2021",30492,774600
"Quebec","17-03-2021",30206,804806
"Quebec","18-03-2021",27663,832469
"Quebec","19-03-2021",39990,872459
"Quebec","20-03-2021",43194,915653
"Quebec","21-03-2021",29140,944793
"Quebec","22-03-2021",21773,966566
"Quebec","23-03-2021",26536,993102
"Quebec","24-03-2021",31611,1024713
"Quebec","25-03-2021",41110,1065823
"Quebec","26-03-2021",56135,1121958
"Quebec","27-03-2021",54712,1176670
"Quebec","28-03-2021",46214,1222884
"Quebec","29-03-2021",38971,1261855
"Quebec","30-03-2021",43985,1305840
"Quebec","31-03-2021",43486,1349326
"Quebec","01-04-2021",42323,1391649
"Quebec","02-04-2021",49031,1440680
"Quebec","03-04-2021",47667,1488347
"Quebec","04-04-2021",41194,1529541
"Quebec","05-04-2021",22674,1552215
"Quebec","06-04-2021",39982,1592197
"Quebec","07-04-2021",44113,1636310
"Quebec","08-04-2021",48736,1685046
"Quebec","09-04-2021",69703,1754749
"Quebec","10-04-2021",74262,1829011
"Quebec","11-04-2021",61465,1890476
"Quebec","12-04-2021",54401,1944877
"Quebec","13-04-2021",60229,2005106
"Quebec","14-04-2021",70702,2075808
"Quebec","15-04-2021",70117,2145925
"Quebec","16-04-2021",77850,2223775
"Quebec","17-04-2021",73636,2297411
"Quebec","18-04-2021",61346,2358757
"Quebec","19-04-2021",41177,2399934
"Quebec","20-04-2021",48475,2448409
"Quebec","21-04-2021",55501,2503910
"Quebec","22-04-2021",85772,2589682
"Quebec","23-04-2021",90225,2679907
"Quebec","24-04-2021",83628,2763535
"Quebec","25-04-2021",64949,2828484
"Quebec","26-04-2021",42656,2871140
"Quebec","27-04-2021",45757,2916897
"Quebec","28-04-2021",50312,2967209
"Quebec","29-04-2021",72303,3039512
"Quebec","30-04-2021",64514,3104026
"Quebec","01-05-2021",63633,3167659
"Quebec","02-05-2021",50555,3218214
"Quebec","03-05-2021",38187,3256401
"Quebec","04-05-2021",52141,3308542
"Quebec","05-05-2021",57033,3365575
"Quebec","06-05-2021",80582,3446157
"Quebec","07-05-2021",104742,3550899
"Quebec","08-05-2021",91009,3641908
"Quebec","09-05-2021",76166,3718074
"Quebec","10-05-2021",63377,3781451
"Quebec","11-05-2021",103042,3884493
"Quebec","12-05-2021",34391,3918884
"Quebec","13-05-2021",95959,4014843
"Quebec","14-05-2021",112925,4127768
"Quebec","15-05-2021",102752,4230520
"Quebec","16-05-2021",92520,4323040
"Quebec","17-05-2021",73467,4396507
"Quebec","18-05-2021",72548,4469055
"Quebec","19-05-2021",74310,4543365
"Quebec","20-05-2021",93314,4636679
"Quebec","21-05-2021",110513,4747192
"Quebec","22-05-2021",96443,4843635
"Quebec","23-05-2021",85419,4929054
"Quebec","24-05-2021",68180,4997234
"Quebec","25-05-2021",54447,5051681
"Quebec","26-05-2021",59965,5111646
"Quebec","27-05-2021",90486,5202132
"Quebec","28-05-2021",104204,5306336
"Quebec","29-05-2021",99549,5405885
"Quebec","30-05-2021",97392,5503277
"Quebec","31-05-2021",79798,5583075
"Quebec","01-06-2021",65917,5648992
"Quebec","02-06-2021",70847,5719839
"Quebec","03-06-2021",88625,5808464
"Quebec","04-06-2021",98232,5906696
"Quebec","05-06-2021",94384,6001080
"Quebec","06-06-2021",84670,6085750
"Quebec","07-06-2021",68021,6153771
"Quebec","08-06-2021",66963,6220734
"Quebec","09-06-2021",77070,6297804
"Quebec","10-06-2021",87713,6385517
"Quebec","11-06-2021",115333,6500850
"Quebec","12-06-2021",94528,6595378
"Quebec","13-06-2021",102325,6697703
"Quebec","14-06-2021",79038,6776741
"Quebec","15-06-2021",91732,6868473
"Quebec","16-06-2021",87000,6955473
"Quebec","17-06-2021",99580,7055053
"Quebec","18-06-2021",103391,7158444
"Quebec","19-06-2021",91197,7249641
"Quebec","20-06-2021",75770,7325411
"Quebec","21-06-2021",60990,7386401
"Quebec","22-06-2021",86458,7472859
"Quebec","23-06-2021",100106,7572965
"Quebec","24-06-2021",119890,7692855
"Quebec","25-06-2021",68155,7761010
"Quebec","26-06-2021",0,7761010
"Quebec","27-06-2021",0,7761010
"Quebec","28-06-2021",292519,8053529
"Quebec","29-06-2021",107827,8161356
"Quebec","30-06-2021",108607,8269963
"Quebec","01-07-2021",0,8269963
"Quebec","02-07-2021",221341,8491304
"Quebec","03-07-2021",0,8491304
"Quebec","04-07-2021",0,8491304
"Quebec","05-07-2021",266636,8757940
"Quebec","06-07-2021",99987,8857927
"Quebec","07-07-2021",106467,8964394
"Quebec","08-07-2021",115116,9079510
"Quebec","09-07-2021",122108,9201618
"Quebec","10-07-2021",0,9201618
"Quebec","11-07-2021",0,9201618
"Quebec","12-07-2021",265768,9467386
"Quebec","13-07-2021",88600,9555986
"Quebec","14-07-2021",92825,9648811
"Quebec","15-07-2021",103535,9752346
"Quebec","16-07-2021",101415,9853761
"Quebec","17-07-2021",0,9853761
"Quebec","18-07-2021",0,9853761
"Quebec","19-07-2021",230322,10084083
"Quebec","20-07-2021",83673,10167756
"Quebec","21-07-2021",100819,10268575
"Quebec","22-07-2021",105088,10373663
"Quebec","23-07-2021",96034,10469697
"Quebec","24-07-2021",0,10469697
"Quebec","25-07-2021",0,10469697
"Quebec","26-07-2021",222851,10692548
"Quebec","27-07-2021",75892,10768440
"Quebec","28-07-2021",72398,10840838
"Quebec","29-07-2021",71186,10912024
"Quebec","30-07-2021",68123,10980147
"Quebec","31-07-2021",0,10980147
"Quebec","01-08-2021",0,10980147
"Quebec","02-08-2021",217725,11197872
"Quebec","03-08-2021",49283,11247155
"Quebec","04-08-2021",50140,11297295
"Quebec","05-08-2021",48292,11345587
"Quebec","06-08-2021",54031,11399618
"Quebec","07-08-2021",60753,11460371
"Quebec","08-08-2021",47506,11507877
"Quebec","09-08-2021",30130,11538007
"Quebec","10-08-2021",42470,11580477
"Quebec","11-08-2021",38213,11618690
"Quebec","12-08-2021",45501,11664191
"Quebec","13-08-2021",50435,11714626
"Quebec","14-08-2021",58385,11773011
"Quebec","15-08-2021",55396,11828407
"Quebec","16-08-2021",37243,11865650
"Quebec","17-08-2021",45184,11910834
"Quebec","18-08-2021",44195,11955029
"Quebec","19-08-2021",45838,12000867
"Quebec","20-08-2021",43469,12044336
"Quebec","21-08-2021",49694,12094030
"Quebec","22-08-2021",40067,12134097
"Quebec","23-08-2021",28116,12162213
"Quebec","24-08-2021",34975,12197188
"Quebec","25-08-2021",29812,12227000
"Quebec","26-08-2021",36015,12263015
"Quebec","27-08-2021",38761,12301776
"Quebec","28-08-2021",40118,12341894
"Quebec","29-08-2021",34928,12376822
"Quebec","30-08-2021",22630,12399452
"Quebec","31-08-2021",27787,12427239
"Quebec","01-09-2021",31532,12458771
"Quebec","02-09-2021",27841,12486612
"Quebec","03-09-2021",35054,12521666
"Quebec","04-09-2021",34719,12556385
"Quebec","05-09-2021",30017,12586402
"Quebec","06-09-2021",17456,12603858
"Quebec","07-09-2021",15443,12619301
"Quebec","08-09-2021",24521,12643822
"Quebec","09-09-2021",30546,12674368
"Quebec","10-09-2021",31825,12706193
"Quebec","11-09-2021",31995,12738188
"Quebec","12-09-2021",28062,12766250
"Quebec","13-09-2021",16575,12782825
"Quebec","14-09-2021",18712,12801537
"Quebec","15-09-2021",18919,12820456
"Quebec","16-09-2021",23571,12844027
"Quebec","17-09-2021",26195,12870222
"Quebec","18-09-2021",25989,12896211
"Quebec","19-09-2021",22064,12918275
"Quebec","20-09-2021",10869,12929144
"Quebec","21-09-2021",12489,12941633
"Quebec","22-09-2021",13335,12954968
"Quebec","23-09-2021",18971,12973939
"Quebec","24-09-2021",21415,12995354
"Quebec","25-09-2021",20630,13015984
"Quebec","26-09-2021",18414,13034398
"Quebec","27-09-2021",8883,13043281
"Quebec","28-09-2021",8185,13051466
"Quebec","29-09-2021",11932,13063398
"Quebec","30-09-2021",16794,13080192
"Quebec","01-10-2021",19619,13099811
"Quebec","02-10-2021",17148,13116959
"Quebec","03-10-2021",14864,13131823
"Quebec","04-10-2021",7431,13139254
"Quebec","05-10-2021",7947,13147201
"Quebec","06-10-2021",10599,13157800
"Quebec","07-10-2021",14530,13172330
"Quebec","08-10-2021",18247,13190577
"Quebec","09-10-2021",17201,13207778
"Quebec","10-10-2021",14669,13222447
"Quebec","11-10-2021",6894,13229341
"Quebec","12-10-2021",5493,13234834
"Quebec","13-10-2021",11075,13245909
"Quebec","14-10-2021",13574,13259483
"Quebec","15-10-2021",14509,13273992
"Quebec","16-10-2021",15754,13289746
"Quebec","17-10-2021",13910,13303656
"Quebec","18-10-2021",5669,13309325
"Quebec","19-10-2021",7559,13316884
"Quebec","20-10-2021",10390,13327274
"Quebec","21-10-2021",14621,13341895
"Quebec","22-10-2021",16111,13358006
"Quebec","23-10-2021",15202,13373208
"Quebec","24-10-2021",11506,13384714
"Quebec","25-10-2021",4875,13389589
"Quebec","26-10-2021",9521,13399110
"Quebec","27-10-2021",11281,13410391
"Quebec","28-10-2021",15301,13425692
"Quebec","29-10-2021",14523,13440215
"Quebec","30-10-2021",14029,13454244
"Quebec","31-10-2021",9750,13463994
"Quebec","01-11-2021",3735,13467729
"Quebec","02-11-2021",11197,13478926
"Quebec","03-11-2021",12195,13491121
"Quebec","04-11-2021",14102,13505223
"Quebec","05-11-2021",16695,13521918
"Quebec","06-11-2021",15051,13536969
"Quebec","07-11-2021",9062,13546031
"Quebec","08-11-2021",5122,13551153
"Quebec","09-11-2021",10849,13562002
"Quebec","10-11-2021",11759,13573761
"Quebec","11-11-2021",15146,13588907
"Quebec","12-11-2021",14859,13603766
"Quebec","13-11-2021",13982,13617748
"Quebec","14-11-2021",9467,13627215
"Quebec","15-11-2021",5461,13632676
"Quebec","16-11-2021",11086,13643762
"Quebec","17-11-2021",9702,13653464
"Quebec","18-11-2021",12735,13666199
"Quebec","19-11-2021",12757,13678956
"Quebec","20-11-2021",11073,13690029
"Quebec","21-11-2021",7560,13697589
"Quebec","22-11-2021",3971,13701560
"Quebec","23-11-2021",6491,13708051
"Quebec","24-11-2021",7420,13715471
"Quebec","25-11-2021",17075,13732546
"Quebec","26-11-2021",19978,13752524
"Quebec","27-11-2021",24527,13777051
"Quebec","28-11-2021",26584,13803635
"Quebec","29-11-2021",22893,13826528
"Quebec","30-11-2021",20633,13847161
"Quebec","01-12-2021",24686,13871847
"Quebec","02-12-2021",28026,13899873
"Quebec","03-12-2021",29645,13929518
"Quebec","04-12-2021",31901,13961419
"Quebec","05-12-2021",29774,13991193
"Quebec","06-12-2021",20846,14012039
"Quebec","07-12-2021",22550,14034589
"Quebec","08-12-2021",30698,14065287
"Quebec","09-12-2021",35186,14100473
"Quebec","10-12-2021",36006,14136479
"Quebec","11-12-2021",42771,14179250
"Quebec","12-12-2021",31897,14211147
"Quebec","13-12-2021",26061,14237208
"Quebec","14-12-2021",35729,14272937
"Quebec","15-12-2021",49544,14322481
"Quebec","16-12-2021",55165,14377646
"Quebec","17-12-2021",59157,14436803
"Quebec","18-12-2021",65893,14502696
"Quebec","19-12-2021",52428,14555124
"Quebec","20-12-2021",47798,14602922
"Quebec","21-12-2021",77073,14679995
"Quebec","22-12-2021",89259,14769254
"Quebec","23-12-2021",96697,14865951
"Quebec","24-12-2021",83595,14949546
"Quebec","25-12-2021",25679,14975225
"Quebec","26-12-2021",93,14975318
"Quebec","27-12-2021",19864,14995182
"Quebec","28-12-2021",64804,15059986
"Quebec","29-12-2021",88883,15148869
"Quebec","30-12-2021",96271,15245140
"Quebec","31-12-2021",88164,15333304
"Quebec","01-01-2022",33641,15366945
"Quebec","02-01-2022",560,15367505
"Quebec","03-01-2022",18026,15385531
"Quebec","04-01-2022",71599,15457130
"Quebec","05-01-2022",94792,15551922
"Quebec","06-01-2022",99957,15651879
"Quebec","07-01-2022",104671,15756550
"Quebec","08-01-2022",106983,15863533
"Quebec","09-01-2022",77579,15941112
"Quebec","10-01-2022",66416,16007528
"Quebec","11-01-2022",101504,16109032
"Quebec","12-01-2022",111678,16220710
"Quebec","13-01-2022",116981,16337691
"Quebec","14-01-2022",115558,16453249
"Quebec","15-01-2022",117352,16570601
"Quebec","16-01-2022",91623,16662224
"Quebec","17-01-2022",81247,16743471
"Quebec","18-01-2022",94672,16838143
"Quebec","19-01-2022",115769,16953912
"Quebec","20-01-2022",111449,17065361
"Quebec","21-01-2022",114848,17180209
"Quebec","22-01-2022",106280,17286489
"Quebec","23-01-2022",80828,17367317
"Quebec","24-01-2022",66104,17433421
"Quebec","25-01-2022",87736,17521157
"Quebec","26-01-2022",87365,17608522
"Quebec","27-01-2022",86016,17694538
"Quebec","28-01-2022",80341,17774879
"Quebec","29-01-2022",83020,17857899
"Quebec","30-01-2022",60580,17918479
"Quebec","31-01-2022",44146,17962625
"Quebec","01-02-2022",55385,18018010
"Quebec","02-02-2022",52015,18070025
"Quebec","03-02-2022",50760,18120785
"Quebec","04-02-2022",46339,18167124
"Quebec","05-02-2022",49280,18216404
"Quebec","06-02-2022",39759,18256163
"Quebec","07-02-2022",23149,18279312
"Quebec","08-02-2022",34694,18314006
"Quebec","09-02-2022",37425,18351431
"Quebec","10-02-2022",34195,18385626
"Quebec","11-02-2022",32688,18418314
"Quebec","12-02-2022",36191,18454505
"Quebec","13-02-2022",26750,18481255
"Quebec","14-02-2022",13214,18494469
"Quebec","15-02-2022",20739,18515208
"Quebec","16-02-2022",26206,18541414
"Quebec","17-02-2022",19480,18560894
"Quebec","18-02-2022",18254,18579148
"Quebec","19-02-2022",18705,18597853
"Quebec","20-02-2022",19875,18617728
"Quebec","21-02-2022",11093,18628821
"Quebec","22-02-2022",15117,18643938
"Quebec","23-02-2022",13289,18657227
"Quebec","24-02-2022",13332,18670559
"Quebec","25-02-2022",15904,18686463
"Quebec","26-02-2022",16302,18702765
"Quebec","27-02-2022",16301,18719066
"Quebec","28-02-2022",8735,18727801
"Quebec","01-03-2022",11590,18739391
"Quebec","02-03-2022",7444,18746835
"Quebec","03-03-2022",7848,18754683
"Quebec","04-03-2022",9198,18763881
"Quebec","05-03-2022",9339,18773220
"Quebec","06-03-2022",10735,18783955
"Quebec","07-03-2022",5115,18789070
"Quebec","08-03-2022",5126,18794196
"Quebec","09-03-2022",5286,18799482
"Quebec","10-03-2022",7050,18806532
"Quebec","11-03-2022",8307,18814839
"Quebec","12-03-2022",9359,18824198
"Quebec","13-03-2022",10401,18834599
"Quebec","14-03-2022",4368,18838967
"Quebec","15-03-2022",4043,18843010
"Quebec","16-03-2022",4861,18847871
"Quebec","17-03-2022",6078,18853949
"Quebec","18-03-2022",7035,18860984
"Quebec","19-03-2022",7074,18868058
"Quebec","20-03-2022",10885,18878943
"Quebec","21-03-2022",4071,18883014
"Quebec","22-03-2022",4095,18887109
"Saskatchewan","14-12-2020",0,0
"Saskatchewan","15-12-2020",11,11
"Saskatchewan","16-12-2020",0,11
"Saskatchewan","17-12-2020",239,250
"Saskatchewan","18-12-2020",301,551
"Saskatchewan","19-12-2020",0,551
"Saskatchewan","20-12-2020",0,551
"Saskatchewan","21-12-2020",734,1285
"Saskatchewan","22-12-2020",234,1519
"Saskatchewan","23-12-2020",78,1597
"Saskatchewan","24-12-2020",189,1786
"Saskatchewan","25-12-2020",0,1786
"Saskatchewan","26-12-2020",0,1786
"Saskatchewan","27-12-2020",0,1786
"Saskatchewan","28-12-2020",0,1786
"Saskatchewan","29-12-2020",585,2371
"Saskatchewan","30-12-2020",571,2942
"Saskatchewan","31-12-2020",516,3458
"Saskatchewan","01-01-2021",0,3458
"Saskatchewan","02-01-2021",264,3722
"Saskatchewan","03-01-2021",144,3866
"Saskatchewan","04-01-2021",147,4013
"Saskatchewan","05-01-2021",241,4254
"Saskatchewan","06-01-2021",270,4524
"Saskatchewan","07-01-2021",308,4832
"Saskatchewan","08-01-2021",1183,6015
"Saskatchewan","09-01-2021",949,6964
"Saskatchewan","10-01-2021",965,7929
"Saskatchewan","11-01-2021",1019,8948
"Saskatchewan","12-01-2021",932,9880
"Saskatchewan","13-01-2021",520,10400
"Saskatchewan","14-01-2021",1585,11985
"Saskatchewan","15-01-2021",2032,14017
"Saskatchewan","16-01-2021",2910,16927
"Saskatchewan","17-01-2021",3232,20159
"Saskatchewan","18-01-2021",2459,22618
"Saskatchewan","19-01-2021",1957,24575
"Saskatchewan","20-01-2021",2658,27233
"Saskatchewan","21-01-2021",2548,29781
"Saskatchewan","22-01-2021",1494,31275
"Saskatchewan","23-01-2021",1110,32385
"Saskatchewan","24-01-2021",654,33039
"Saskatchewan","25-01-2021",314,33353
"Saskatchewan","26-01-2021",727,34080
"Saskatchewan","27-01-2021",535,34615
"Saskatchewan","28-01-2021",57,34672
"Saskatchewan","29-01-2021",419,35091
"Saskatchewan","30-01-2021",148,35239
"Saskatchewan","31-01-2021",120,35359
"Saskatchewan","01-02-2021",88,35447
"Saskatchewan","02-02-2021",128,35575
"Saskatchewan","03-02-2021",188,35763
"Saskatchewan","04-02-2021",764,36527
"Saskatchewan","05-02-2021",2183,38710
"Saskatchewan","06-02-2021",2544,41254
"Saskatchewan","07-02-2021",0,41254
"Saskatchewan","08-02-2021",1733,42987
"Saskatchewan","09-02-2021",1534,44521
"Saskatchewan","10-02-2021",850,45371
"Saskatchewan","11-02-2021",892,46263
"Saskatchewan","12-02-2021",525,46788
"Saskatchewan","13-02-2021",1778,48566
"Saskatchewan","14-02-2021",1079,49645
"Saskatchewan","15-02-2021",0,49645
"Saskatchewan","16-02-2021",196,49841
"Saskatchewan","17-02-2021",485,50326
"Saskatchewan","18-02-2021",139,50465
"Saskatchewan","19-02-2021",2565,53030
"Saskatchewan","20-02-2021",4794,57824
"Saskatchewan","21-02-2021",2919,60743
"Saskatchewan","22-02-2021",987,61730
"Saskatchewan","23-02-2021",612,62342
"Saskatchewan","24-02-2021",1003,63345
"Saskatchewan","25-02-2021",2091,65436
"Saskatchewan","26-02-2021",4015,69451
"Saskatchewan","27-02-2021",6050,75501
"Saskatchewan","28-02-2021",2725,78226
"Saskatchewan","01-03-2021",1063,79289
"Saskatchewan","02-03-2021",947,80236
"Saskatchewan","03-03-2021",1361,81597
"Saskatchewan","04-03-2021",2493,84090
"Saskatchewan","05-03-2021",2789,86879
"Saskatchewan","06-03-2021",3577,90456
"Saskatchewan","07-03-2021",1428,91884
"Saskatchewan","08-03-2021",892,92776
"Saskatchewan","09-03-2021",736,93512
"Saskatchewan","10-03-2021",874,94386
"Saskatchewan","11-03-2021",1493,95879
"Saskatchewan","12-03-2021",2692,98571
"Saskatchewan","13-03-2021",1624,100195
"Saskatchewan","14-03-2021",2220,102415
"Saskatchewan","15-03-2021",2009,104424
"Saskatchewan","16-03-2021",4245,108669
"Saskatchewan","17-03-2021",3499,112168
"Saskatchewan","18-03-2021",6027,118195
"Saskatchewan","19-03-2021",0,118195
"Saskatchewan","20-03-2021",15281,133476
"Saskatchewan","21-03-2021",6351,139827
"Saskatchewan","22-03-2021",4344,144171
"Saskatchewan","23-03-2021",5038,149209
"Saskatchewan","24-03-2021",2298,151507
"Saskatchewan","25-03-2021",4247,155754
"Saskatchewan","26-03-2021",6941,162695
"Saskatchewan","27-03-2021",4814,167509
"Saskatchewan","28-03-2021",6187,173696
"Saskatchewan","29-03-2021",6104,179800
"Saskatchewan","30-03-2021",4636,184436
"Saskatchewan","31-03-2021",8491,192927
"Saskatchewan","01-04-2021",7706,200633
"Saskatchewan","02-04-2021",8109,208742
"Saskatchewan","03-04-2021",5504,214246
"Saskatchewan","04-04-2021",0,214246
"Saskatchewan","05-04-2021",7287,221533
"Saskatchewan","06-04-2021",5938,227471
"Saskatchewan","07-04-2021",6738,234209
"Saskatchewan","08-04-2021",10437,244646
"Saskatchewan","09-04-2021",11634,256280
"Saskatchewan","10-04-2021",12615,268895
"Saskatchewan","11-04-2021",13170,282065
"Saskatchewan","12-04-2021",8856,290921
"Saskatchewan","13-04-2021",7846,298767
"Saskatchewan","14-04-2021",8682,307449
"Saskatchewan","15-04-2021",7956,315405
"Saskatchewan","16-04-2021",8168,323573
"Saskatchewan","17-04-2021",10490,334063
"Saskatchewan","18-04-2021",11063,345126
"Saskatchewan","19-04-2021",7043,352169
"Saskatchewan","20-04-2021",5278,357447
"Saskatchewan","21-04-2021",7554,365001
"Saskatchewan","22-04-2021",7333,372334
"Saskatchewan","23-04-2021",9801,382135
"Saskatchewan","24-04-2021",10159,392294
"Saskatchewan","25-04-2021",7451,399745
"Saskatchewan","26-04-2021",3639,403384
"Saskatchewan","27-04-2021",5045,408429
"Saskatchewan","28-04-2021",7334,415763
"Saskatchewan","29-04-2021",6218,421981
"Saskatchewan","30-04-2021",5758,427739
"Saskatchewan","01-05-2021",7403,435142
"Saskatchewan","02-05-2021",8527,443669
"Saskatchewan","03-05-2021",7154,450823
"Saskatchewan","04-05-2021",9924,460747
"Saskatchewan","05-05-2021",9968,470715
"Saskatchewan","06-05-2021",10195,480910
"Saskatchewan","07-05-2021",10530,491440
"Saskatchewan","08-05-2021",13042,504482
"Saskatchewan","09-05-2021",13651,518133
"Saskatchewan","10-05-2021",9124,527257
"Saskatchewan","11-05-2021",3050,530307
"Saskatchewan","12-05-2021",6737,537044
"Saskatchewan","13-05-2021",8415,545459
"Saskatchewan","14-05-2021",7930,553389
"Saskatchewan","15-05-2021",18568,571957
"Saskatchewan","16-05-2021",18995,590952
"Saskatchewan","17-05-2021",12173,603125
"Saskatchewan","18-05-2021",5399,608524
"Saskatchewan","19-05-2021",6935,615459
"Saskatchewan","20-05-2021",4777,620236
"Saskatchewan","21-05-2021",10347,630583
"Saskatchewan","22-05-2021",14801,645384
"Saskatchewan","23-05-2021",11004,656388
"Saskatchewan","24-05-2021",6466,662854
"Saskatchewan","25-05-2021",2339,665193
"Saskatchewan","26-05-2021",4654,669847
"Saskatchewan","27-05-2021",9427,679274
"Saskatchewan","28-05-2021",14351,693625
"Saskatchewan","29-05-2021",12923,706548
"Saskatchewan","30-05-2021",11061,717609
"Saskatchewan","31-05-2021",8039,725648
"Saskatchewan","01-06-2021",5304,730952
"Saskatchewan","02-06-2021",9299,740251
"Saskatchewan","03-06-2021",14579,754830
"Saskatchewan","04-06-2021",15633,770463
"Saskatchewan","05-06-2021",16667,787130
"Saskatchewan","06-06-2021",13642,800772
"Saskatchewan","07-06-2021",8628,809400
"Saskatchewan","08-06-2021",6724,816124
"Saskatchewan","09-06-2021",12528,828652
"Saskatchewan","10-06-2021",16787,845439
"Saskatchewan","11-06-2021",15212,860651
"Saskatchewan","12-06-2021",18014,878665
"Saskatchewan","13-06-2021",14849,893514
"Saskatchewan","14-06-2021",9928,903442
"Saskatchewan","15-06-2021",6880,910322
"Saskatchewan","16-06-2021",12013,922335
"Saskatchewan","17-06-2021",15402,937737
"Saskatchewan","18-06-2021",24260,961997
"Saskatchewan","19-06-2021",19737,981734
"Saskatchewan","20-06-2021",16084,997818
"Saskatchewan","21-06-2021",961,998779
"Saskatchewan","22-06-2021",6496,1005275
"Saskatchewan","23-06-2021",18423,1023698
"Saskatchewan","24-06-2021",24971,1048669
"Saskatchewan","25-06-2021",20988,1069657
"Saskatchewan","26-06-2021",23323,1092980
"Saskatchewan","27-06-2021",22308,1115288
"Saskatchewan","28-06-2021",12395,1127683
"Saskatchewan","29-06-2021",8617,1136300
"Saskatchewan","30-06-2021",17420,1153720
"Saskatchewan","01-07-2021",19834,1173554
"Saskatchewan","02-07-2021",20981,1194535
"Saskatchewan","03-07-2021",8392,1202927
"Saskatchewan","04-07-2021",13445,1216372
"Saskatchewan","05-07-2021",8814,1225186
"Saskatchewan","06-07-2021",8348,1233534
"Saskatchewan","07-07-2021",13719,1247253
"Saskatchewan","08-07-2021",13314,1260567
"Saskatchewan","09-07-2021",12678,1273245
"Saskatchewan","10-07-2021",15623,1288868
"Saskatchewan","11-07-2021",10320,1299188
"Saskatchewan","12-07-2021",5458,1304646
"Saskatchewan","13-07-2021",2419,1307065
"Saskatchewan","14-07-2021",6358,1313423
"Saskatchewan","15-07-2021",7787,1321210
"Saskatchewan","16-07-2021",10925,1332135
"Saskatchewan","17-07-2021",9426,1341561
"Saskatchewan","18-07-2021",6406,1347967
"Saskatchewan","19-07-2021",2704,1350671
"Saskatchewan","20-07-2021",2636,1353307
"Saskatchewan","21-07-2021",5413,1358720
"Saskatchewan","22-07-2021",7286,1366006
"Saskatchewan","23-07-2021",8204,1374210
"Saskatchewan","24-07-2021",6856,1381066
"Saskatchewan","25-07-2021",4722,1385788
"Saskatchewan","26-07-2021",2542,1388330
"Saskatchewan","27-07-2021",1933,1390263
"Saskatchewan","28-07-2021",4562,1394825
"Saskatchewan","29-07-2021",6019,1400844
"Saskatchewan","30-07-2021",5345,1406189
"Saskatchewan","31-07-2021",5308,1411497
"Saskatchewan","01-08-2021",4099,1415596
"Saskatchewan","02-08-2021",1531,1417127
"Saskatchewan","03-08-2021",775,1417902
"Saskatchewan","04-08-2021",1057,1418959
"Saskatchewan","05-08-2021",3861,1422820
"Saskatchewan","06-08-2021",3707,1426527
"Saskatchewan","07-08-2021",3491,1430018
"Saskatchewan","08-08-2021",2542,1432560
"Saskatchewan","09-08-2021",1197,1433757
"Saskatchewan","10-08-2021",853,1434610
"Saskatchewan","11-08-2021",1912,1436522
"Saskatchewan","12-08-2021",2755,1439277
"Saskatchewan","13-08-2021",2539,1441816
"Saskatchewan","14-08-2021",2562,1444378
"Saskatchewan","15-08-2021",2283,1446661
"Saskatchewan","16-08-2021",1166,1447827
"Saskatchewan","17-08-2021",541,1448368
"Saskatchewan","18-08-2021",1990,1450358
"Saskatchewan","19-08-2021",2841,1453199
"Saskatchewan","20-08-2021",1543,1454742
"Saskatchewan","21-08-2021",4064,1458806
"Saskatchewan","22-08-2021",2180,1460986
"Saskatchewan","23-08-2021",0,1460986
"Saskatchewan","24-08-2021",1394,1462380
"Saskatchewan","25-08-2021",1944,1464324
"Saskatchewan","26-08-2021",2455,1466779
"Saskatchewan","27-08-2021",2822,1469601
"Saskatchewan","28-08-2021",2671,1472272
"Saskatchewan","29-08-2021",2247,1474519
"Saskatchewan","30-08-2021",1173,1475692
"Saskatchewan","31-08-2021",682,1476374
"Saskatchewan","01-09-2021",1789,1478163
"Saskatchewan","02-09-2021",2933,1481096
"Saskatchewan","03-09-2021",2716,1483812
"Saskatchewan","04-09-2021",2812,1486624
"Saskatchewan","05-09-2021",2489,1489113
"Saskatchewan","06-09-2021",1006,1490119
"Saskatchewan","07-09-2021",294,1490413
"Saskatchewan","08-09-2021",393,1490806
"Saskatchewan","09-09-2021",2293,1493099
"Saskatchewan","10-09-2021",2856,1495955
"Saskatchewan","11-09-2021",2754,1498709
"Saskatchewan","12-09-2021",2517,1501226
"Saskatchewan","13-09-2021",1494,1502720
"Saskatchewan","14-09-2021",665,1503385
"Saskatchewan","15-09-2021",2046,1505431
"Saskatchewan","16-09-2021",2595,1508026
"Saskatchewan","17-09-2021",3287,1511313
"Saskatchewan","18-09-2021",4251,1515564
"Saskatchewan","19-09-2021",4522,1520086
"Saskatchewan","20-09-2021",2623,1522709
"Saskatchewan","21-09-2021",840,1523549
"Saskatchewan","22-09-2021",3722,1527271
"Saskatchewan","23-09-2021",4933,1532204
"Saskatchewan","24-09-2021",5066,1537270
"Saskatchewan","25-09-2021",5017,1542287
"Saskatchewan","26-09-2021",3893,1546180
"Saskatchewan","27-09-2021",2510,1548690
"Saskatchewan","28-09-2021",648,1549338
"Saskatchewan","29-09-2021",3548,1552886
"Saskatchewan","30-09-2021",4792,1557678
"Saskatchewan","01-10-2021",5574,1563252
"Saskatchewan","02-10-2021",4003,1567255
"Saskatchewan","03-10-2021",5375,1572630
"Saskatchewan","04-10-2021",2500,1575130
"Saskatchewan","05-10-2021",40353,1615483
"Saskatchewan","06-10-2021",4223,1619706
"Saskatchewan","07-10-2021",4449,1624155
"Saskatchewan","08-10-2021",4657,1628812
"Saskatchewan","09-10-2021",5681,1634493
"Saskatchewan","10-10-2021",5632,1640125
"Saskatchewan","11-10-2021",2192,1642317
"Saskatchewan","12-10-2021",5126,1647443
"Saskatchewan","13-10-2021",4305,1651748
"Saskatchewan","14-10-2021",3467,1655215
"Saskatchewan","15-10-2021",4159,1659374
"Saskatchewan","16-10-2021",4478,1663852
"Saskatchewan","17-10-2021",3798,1667650
"Saskatchewan","18-10-2021",2100,1669750
"Saskatchewan","19-10-2021",6620,1676370
"Saskatchewan","20-10-2021",3079,1679449
"Saskatchewan","21-10-2021",3839,1683288
"Saskatchewan","22-10-2021",4216,1687504
"Saskatchewan","23-10-2021",4146,1691650
"Saskatchewan","24-10-2021",3854,1695504
"Saskatchewan","25-10-2021",1929,1697433
"Saskatchewan","26-10-2021",7777,1705210
"Saskatchewan","27-10-2021",2985,1708195
"Saskatchewan","28-10-2021",3556,1711751
"Saskatchewan","29-10-2021",3974,1715725
"Saskatchewan","30-10-2021",4320,1720045
"Saskatchewan","31-10-2021",3265,1723310
"Saskatchewan","01-11-2021",2068,1725378
"Saskatchewan","02-11-2021",12931,1738309
"Saskatchewan","03-11-2021",2328,1740637
"Saskatchewan","04-11-2021",3357,1743994
"Saskatchewan","05-11-2021",3418,1747412
"Saskatchewan","06-11-2021",3601,1751013
"Saskatchewan","07-11-2021",2820,1753833
"Saskatchewan","08-11-2021",1732,1755565
"Saskatchewan","09-11-2021",7651,1763216
"Saskatchewan","10-11-2021",2532,1765748
"Saskatchewan","11-11-2021",2980,1768728
"Saskatchewan","12-11-2021",2749,1771477
"Saskatchewan","13-11-2021",815,1772292
"Saskatchewan","14-11-2021",2048,1774340
"Saskatchewan","15-11-2021",1029,1775369
"Saskatchewan","16-11-2021",4748,1780117
"Saskatchewan","17-11-2021",2039,1782156
"Saskatchewan","18-11-2021",1503,1783659
"Saskatchewan","19-11-2021",2032,1785691
"Saskatchewan","20-11-2021",2477,1788168
"Saskatchewan","21-11-2021",1853,1790021
"Saskatchewan","22-11-2021",1039,1791060
"Saskatchewan","23-11-2021",4312,1795372
"Saskatchewan","24-11-2021",1366,1796738
"Saskatchewan","25-11-2021",1834,1798572
"Saskatchewan","26-11-2021",4184,1802756
"Saskatchewan","27-11-2021",6182,1808938
"Saskatchewan","28-11-2021",5197,1814135
"Saskatchewan","29-11-2021",4665,1818800
"Saskatchewan","30-11-2021",10369,1829169
"Saskatchewan","01-12-2021",5430,1834599
"Saskatchewan","02-12-2021",5006,1839605
"Saskatchewan","03-12-2021",3979,1843584
"Saskatchewan","04-12-2021",3919,1847503
"Saskatchewan","05-12-2021",3296,1850799
"Saskatchewan","06-12-2021",2420,1853219
"Saskatchewan","07-12-2021",26717,1879936
"Saskatchewan","08-12-2021",2260,1882196
"Saskatchewan","09-12-2021",2350,1884546
"Saskatchewan","10-12-2021",2186,1886732
"Saskatchewan","11-12-2021",2444,1889176
"Saskatchewan","12-12-2021",1552,1890728
"Saskatchewan","13-12-2021",1147,1891875
"Saskatchewan","14-12-2021",51217,1943092
"Saskatchewan","15-12-2021",1194,1944286
"Saskatchewan","16-12-2021",1644,1945930
"Saskatchewan","17-12-2021",1824,1947754
"Saskatchewan","18-12-2021",2065,1949819
"Saskatchewan","19-12-2021",1456,1951275
"Saskatchewan","20-12-2021",1223,1952498
"Saskatchewan","21-12-2021",58776,2011274
"Saskatchewan","22-12-2021",1999,2013273
"Saskatchewan","23-12-2021",2401,2015674
"Saskatchewan","24-12-2021",0,2015674
"Saskatchewan","25-12-2021",0,2015674
"Saskatchewan","26-12-2021",0,2015674
"Saskatchewan","27-12-2021",0,2015674
"Saskatchewan","28-12-2021",57713,2073387
"Saskatchewan","29-12-2021",925,2074312
"Saskatchewan","30-12-2021",1751,2076063
"Saskatchewan","31-12-2021",1644,2077707
"Saskatchewan","01-01-2022",0,2077707
"Saskatchewan","02-01-2022",0,2077707
"Saskatchewan","03-01-2022",0,2077707
"Saskatchewan","04-01-2022",40774,2118481
"Saskatchewan","05-01-2022",1895,2120376
"Saskatchewan","06-01-2022",2172,2122548
"Saskatchewan","07-01-2022",2508,2125056
"Saskatchewan","08-01-2022",3034,2128090
"Saskatchewan","09-01-2022",1968,2130058
"Saskatchewan","10-01-2022",2089,2132147
"Saskatchewan","11-01-2022",51786,2183933
"Saskatchewan","12-01-2022",2217,2186150
"Saskatchewan","13-01-2022",2730,2188880
"Saskatchewan","14-01-2022",2676,2191556
"Saskatchewan","15-01-2022",3063,2194619
"Saskatchewan","16-01-2022",2145,2196764
"Saskatchewan","17-01-2022",1532,2198296
"Saskatchewan","18-01-2022",41709,2240005
"Saskatchewan","19-01-2022",1794,2241799
"Saskatchewan","20-01-2022",2020,2243819
"Saskatchewan","21-01-2022",2123,2245942
"Saskatchewan","22-01-2022",2878,2248820
"Saskatchewan","23-01-2022",1962,2250782
"Saskatchewan","24-01-2022",1984,2252766
"Saskatchewan","25-01-2022",29275,2282041
"Saskatchewan","26-01-2022",1846,2283887
"Saskatchewan","27-01-2022",2006,2285893
"Saskatchewan","28-01-2022",2076,2287969
"Saskatchewan","29-01-2022",2132,2290101
"Saskatchewan","30-01-2022",1644,2291745
"Saskatchewan","31-01-2022",1431,2293176
"Saskatchewan","01-02-2022",18056,2311232
"Saskatchewan","02-02-2022",972,2312204
"Saskatchewan","03-02-2022",936,2313140
"Saskatchewan","04-02-2022",1033,2314173
"Saskatchewan","05-02-2022",1113,2315286
"Saskatchewan","06-02-2022",828,2316114
"Saskatchewan","07-02-2022",0,2316114
"Saskatchewan","08-02-2022",0,2316114
"Saskatchewan","09-02-2022",0,2316114
"Saskatchewan","10-02-2022",0,2316114
"Saskatchewan","11-02-2022",0,2316114
"Saskatchewan","12-02-2022",0,2316114
"Saskatchewan","13-02-2022",15711,2331825
"Saskatchewan","14-02-2022",0,2331825
"Saskatchewan","15-02-2022",0,2331825
"Saskatchewan","16-02-2022",0,2331825
"Saskatchewan","17-02-2022",0,2331825
"Saskatchewan","18-02-2022",0,2331825
"Saskatchewan","19-02-2022",0,2331825
"Saskatchewan","20-02-2022",10808,2342633
"Saskatchewan","21-02-2022",0,2342633
"Saskatchewan","22-02-2022",0,2342633
"Saskatchewan","23-02-2022",0,2342633
"Saskatchewan","24-02-2022",0,2342633
"Saskatchewan","25-02-2022",0,2342633
"Saskatchewan","26-02-2022",0,2342633
"Saskatchewan","27-02-2022",9135,2351768
"Saskatchewan","28-02-2022",0,2351768
"Saskatchewan","01-03-2022",0,2351768
"Saskatchewan","02-03-2022",0,2351768
"Saskatchewan","03-03-2022",0,2351768
"Saskatchewan","04-03-2022",0,2351768
"Saskatchewan","05-03-2022",0,2351768
"Saskatchewan","06-03-2022",5900,2357668
"Saskatchewan","07-03-2022",0,2357668
"Saskatchewan","08-03-2022",0,2357668
"Saskatchewan","09-03-2022",0,2357668
"Saskatchewan","10-03-2022",0,2357668
"Saskatchewan","11-03-2022",0,2357668
"Saskatchewan","12-03-2022",0,2357668
"Saskatchewan","13-03-2022",3741,2361409
"Saskatchewan","14-03-2022",0,2361409
"Saskatchewan","15-03-2022",0,2361409
"Saskatchewan","16-03-2022",0,2361409
"Saskatchewan","17-03-2022",0,2361409
"Saskatchewan","18-03-2022",0,2361409
"Saskatchewan","19-03-2022",0,2361409
"Saskatchewan","20-03-2022",0,2361409
"Saskatchewan","21-03-2022",0,2361409
"Saskatchewan","22-03-2022",0,2361409
"Yukon","14-12-2020",0,0
"Yukon","15-12-2020",0,0
"Yukon","16-12-2020",0,0
"Yukon","17-12-2020",0,0
"Yukon","18-12-2020",0,0
"Yukon","19-12-2020",0,0
"Yukon","20-12-2020",0,0
"Yukon","21-12-2020",0,0
"Yukon","22-12-2020",0,0
"Yukon","23-12-2020",0,0
"Yukon","24-12-2020",0,0
"Yukon","25-12-2020",0,0
"Yukon","26-12-2020",0,0
"Yukon","27-12-2020",0,0
"Yukon","28-12-2020",0,0
"Yukon","29-12-2020",0,0
"Yukon","30-12-2020",0,0
"Yukon","31-12-2020",0,0
"Yukon","01-01-2021",0,0
"Yukon","02-01-2021",0,0
"Yukon","03-01-2021",0,0
"Yukon","04-01-2021",50,50
"Yukon","05-01-2021",0,50
"Yukon","06-01-2021",0,50
"Yukon","07-01-2021",260,310
"Yukon","08-01-2021",0,310
"Yukon","09-01-2021",0,310
"Yukon","10-01-2021",0,310
"Yukon","11-01-2021",185,495
"Yukon","12-01-2021",0,495
"Yukon","13-01-2021",190,685
"Yukon","14-01-2021",0,685
"Yukon","15-01-2021",499,1184
"Yukon","16-01-2021",0,1184
"Yukon","17-01-2021",0,1184
"Yukon","18-01-2021",163,1347
"Yukon","19-01-2021",0,1347
"Yukon","20-01-2021",1243,2590
"Yukon","21-01-2021",570,3160
"Yukon","22-01-2021",570,3730
"Yukon","23-01-2021",0,3730
"Yukon","24-01-2021",0,3730
"Yukon","25-01-2021",222,3952
"Yukon","26-01-2021",445,4397
"Yukon","27-01-2021",773,5170
"Yukon","28-01-2021",0,5170
"Yukon","29-01-2021",1326,6496
"Yukon","30-01-2021",0,6496
"Yukon","31-01-2021",0,6496
"Yukon","01-02-2021",889,7385
"Yukon","02-02-2021",0,7385
"Yukon","03-02-2021",1706,9091
"Yukon","04-02-2021",840,9931
"Yukon","05-02-2021",588,10519
"Yukon","06-02-2021",0,10519
"Yukon","07-02-2021",0,10519
"Yukon","08-02-2021",540,11059
"Yukon","09-02-2021",175,11234
"Yukon","10-02-2021",110,11344
"Yukon","11-02-2021",90,11434
"Yukon","12-02-2021",80,11514
"Yukon","13-02-2021",0,11514
"Yukon","14-02-2021",0,11514
"Yukon","15-02-2021",0,11514
"Yukon","16-02-2021",0,11514
"Yukon","17-02-2021",0,11514
"Yukon","18-02-2021",30,11544
"Yukon","19-02-2021",306,11850
"Yukon","20-02-2021",0,11850
"Yukon","21-02-2021",0,11850
"Yukon","22-02-2021",323,12173
"Yukon","23-02-2021",1250,13423
"Yukon","24-02-2021",941,14364
"Yukon","25-02-2021",810,15174
"Yukon","26-02-2021",0,15174
"Yukon","27-02-2021",0,15174
"Yukon","28-02-2021",0,15174
"Yukon","01-03-2021",897,16071
"Yukon","02-03-2021",1097,17168
"Yukon","03-03-2021",990,18158
"Yukon","04-03-2021",0,18158
"Yukon","05-03-2021",1279,19437
"Yukon","06-03-2021",1660,21097
"Yukon","07-03-2021",0,21097
"Yukon","08-03-2021",2424,23521
"Yukon","09-03-2021",891,24412
"Yukon","10-03-2021",1162,25574
"Yukon","11-03-2021",800,26374
"Yukon","12-03-2021",0,26374
"Yukon","13-03-2021",1364,27738
"Yukon","14-03-2021",0,27738
"Yukon","15-03-2021",2232,29970
"Yukon","16-03-2021",599,30569
"Yukon","17-03-2021",605,31174
"Yukon","18-03-2021",0,31174
"Yukon","19-03-2021",0,31174
"Yukon","20-03-2021",1176,32350
"Yukon","21-03-2021",0,32350
"Yukon","22-03-2021",790,33140
"Yukon","23-03-2021",303,33443
"Yukon","24-03-2021",160,33603
"Yukon","25-03-2021",0,33603
"Yukon","26-03-2021",222,33825
"Yukon","27-03-2021",0,33825
"Yukon","28-03-2021",0,33825
"Yukon","29-03-2021",556,34381
"Yukon","30-03-2021",447,34828
"Yukon","31-03-2021",286,35114
"Yukon","01-04-2021",356,35470
"Yukon","02-04-2021",0,35470
"Yukon","03-04-2021",0,35470
"Yukon","04-04-2021",0,35470
"Yukon","05-04-2021",0,35470
"Yukon","06-04-2021",1723,37193
"Yukon","07-04-2021",776,37969
"Yukon","08-04-2021",0,37969
"Yukon","09-04-2021",813,38782
"Yukon","10-04-2021",905,39687
"Yukon","11-04-2021",0,39687
"Yukon","12-04-2021",1831,41518
"Yukon","13-04-2021",836,42354
"Yukon","14-04-2021",503,42857
"Yukon","15-04-2021",571,43428
"Yukon","16-04-2021",618,44046
"Yukon","17-04-2021",0,44046
"Yukon","18-04-2021",0,44046
"Yukon","19-04-2021",1345,45391
"Yukon","20-04-2021",580,45971
"Yukon","21-04-2021",0,45971
"Yukon","22-04-2021",622,46593
"Yukon","23-04-2021",229,46822
"Yukon","24-04-2021",0,46822
"Yukon","25-04-2021",0,46822
"Yukon","26-04-2021",595,47417
"Yukon","27-04-2021",346,47763
"Yukon","28-04-2021",179,47942
"Yukon","29-04-2021",189,48131
"Yukon","30-04-2021",176,48307
"Yukon","01-05-2021",0,48307
"Yukon","02-05-2021",0,48307
"Yukon","03-05-2021",348,48655
"Yukon","04-05-2021",0,48655
"Yukon","05-05-2021",286,48941
"Yukon","06-05-2021",199,49140
"Yukon","07-05-2021",299,49439
"Yukon","08-05-2021",0,49439
"Yukon","09-05-2021",0,49439
"Yukon","10-05-2021",397,49836
"Yukon","11-05-2021",0,49836
"Yukon","12-05-2021",434,50270
"Yukon","13-05-2021",0,50270
"Yukon","14-05-2021",382,50652
"Yukon","15-05-2021",0,50652
"Yukon","16-05-2021",0,50652
"Yukon","17-05-2021",346,50998
"Yukon","18-05-2021",0,50998
"Yukon","19-05-2021",367,51365
"Yukon","20-05-2021",169,51534
"Yukon","21-05-2021",224,51758
"Yukon","22-05-2021",0,51758
"Yukon","23-05-2021",0,51758
"Yukon","24-05-2021",0,51758
"Yukon","25-05-2021",350,52108
"Yukon","26-05-2021",252,52360
"Yukon","27-05-2021",175,52535
"Yukon","28-05-2021",114,52649
"Yukon","29-05-2021",0,52649
"Yukon","30-05-2021",0,52649
"Yukon","31-05-2021",264,52913
"Yukon","01-06-2021",0,52913
"Yukon","02-06-2021",426,53339
"Yukon","03-06-2021",386,53725
"Yukon","04-06-2021",441,54166
"Yukon","05-06-2021",0,54166
"Yukon","06-06-2021",0,54166
"Yukon","07-06-2021",372,54538
"Yukon","08-06-2021",0,54538
"Yukon","09-06-2021",294,54832
"Yukon","10-06-2021",381,55213
"Yukon","11-06-2021",272,55485
"Yukon","12-06-2021",0,55485
"Yukon","13-06-2021",0,55485
"Yukon","14-06-2021",0,55485
"Yukon","15-06-2021",359,55844
"Yukon","16-06-2021",435,56279
"Yukon","17-06-2021",361,56640
"Yukon","18-06-2021",0,56640
"Yukon","19-06-2021",377,57017
"Yukon","20-06-2021",0,57017
"Yukon","21-06-2021",0,57017
"Yukon","22-06-2021",0,57017
"Yukon","23-06-2021",699,57716
"Yukon","24-06-2021",0,57716
"Yukon","25-06-2021",376,58092
"Yukon","26-06-2021",0,58092
"Yukon","27-06-2021",0,58092
"Yukon","28-06-2021",0,58092
"Yukon","29-06-2021",0,58092
"Yukon","30-06-2021",1281,59373
"Yukon","01-07-2021",0,59373
"Yukon","02-07-2021",0,59373
"Yukon","03-07-2021",0,59373
"Yukon","04-07-2021",0,59373
"Yukon","05-07-2021",0,59373
"Yukon","06-07-2021",328,59701
"Yukon","07-07-2021",671,60372
"Yukon","08-07-2021",0,60372
"Yukon","09-07-2021",786,61158
"Yukon","10-07-2021",0,61158
"Yukon","11-07-2021",0,61158
"Yukon","12-07-2021",0,61158
"Yukon","13-07-2021",393,61551
"Yukon","14-07-2021",0,61551
"Yukon","15-07-2021",0,61551
"Yukon","16-07-2021",332,61883
"Yukon","17-07-2021",0,61883
"Yukon","18-07-2021",0,61883
"Yukon","19-07-2021",300,62183
"Yukon","20-07-2021",0,62183
"Yukon","21-07-2021",0,62183
"Yukon","22-07-2021",374,62557
"Yukon","23-07-2021",109,62666
"Yukon","24-07-2021",0,62666
"Yukon","25-07-2021",0,62666
"Yukon","26-07-2021",239,62905
"Yukon","27-07-2021",0,62905
"Yukon","28-07-2021",164,63069
"Yukon","29-07-2021",173,63242
"Yukon","30-07-2021",0,63242
"Yukon","31-07-2021",0,63242
"Yukon","01-08-2021",0,63242
"Yukon","02-08-2021",321,63563
"Yukon","03-08-2021",0,63563
"Yukon","04-08-2021",0,63563
"Yukon","05-08-2021",261,63824
"Yukon","06-08-2021",0,63824
"Yukon","07-08-2021",0,63824
"Yukon","08-08-2021",0,63824
"Yukon","09-08-2021",234,64058
"Yukon","10-08-2021",0,64058
"Yukon","11-08-2021",0,64058
"Yukon","12-08-2021",205,64263
"Yukon","13-08-2021",0,64263
"Yukon","14-08-2021",0,64263
"Yukon","15-08-2021",0,64263
"Yukon","16-08-2021",0,64263
"Yukon","17-08-2021",135,64398
"Yukon","18-08-2021",0,64398
"Yukon","19-08-2021",197,64595
"Yukon","20-08-2021",0,64595
"Yukon","21-08-2021",0,64595
"Yukon","22-08-2021",0,64595
"Yukon","23-08-2021",0,64595
"Yukon","24-08-2021",162,64757
"Yukon","25-08-2021",0,64757
"Yukon","26-08-2021",0,64757
"Yukon","27-08-2021",382,65139
"Yukon","28-08-2021",0,65139
"Yukon","29-08-2021",0,65139
"Yukon","30-08-2021",0,65139
"Yukon","31-08-2021",22,65161
"Yukon","01-09-2021",77,65238
"Yukon","02-09-2021",0,65238
"Yukon","03-09-2021",115,65353
"Yukon","04-09-2021",0,65353
"Yukon","05-09-2021",0,65353
"Yukon","06-09-2021",0,65353
"Yukon","07-09-2021",37,65390
"Yukon","08-09-2021",82,65472
"Yukon","09-09-2021",0,65472
"Yukon","10-09-2021",140,65612
"Yukon","11-09-2021",0,65612
"Yukon","12-09-2021",0,65612
"Yukon","13-09-2021",82,65694
"Yukon","14-09-2021",0,65694
"Yukon","15-09-2021",71,65765
"Yukon","16-09-2021",0,65765
"Yukon","17-09-2021",0,65765
"Yukon","18-09-2021",0,65765
"Yukon","19-09-2021",0,65765
"Yukon","20-09-2021",130,65895
"Yukon","21-09-2021",0,65895
"Yukon","22-09-2021",71,65966
"Yukon","23-09-2021",0,65966
"Yukon","24-09-2021",131,66097
"Yukon","25-09-2021",0,66097
"Yukon","26-09-2021",0,66097
"Yukon","27-09-2021",114,66211
"Yukon","28-09-2021",0,66211
"Yukon","29-09-2021",0,66211
"Yukon","30-09-2021",0,66211
"Yukon","01-10-2021",0,66211
"Yukon","02-10-2021",0,66211
"Yukon","03-10-2021",0,66211
"Yukon","04-10-2021",310,66521
"Yukon","05-10-2021",0,66521
"Yukon","06-10-2021",102,66623
"Yukon","07-10-2021",0,66623
"Yukon","08-10-2021",62,66685
"Yukon","09-10-2021",0,66685
"Yukon","10-10-2021",0,66685
"Yukon","11-10-2021",0,66685
"Yukon","12-10-2021",0,66685
"Yukon","13-10-2021",101,66786
"Yukon","14-10-2021",0,66786
"Yukon","15-10-2021",166,66952
"Yukon","16-10-2021",0,66952
"Yukon","17-10-2021",0,66952
"Yukon","18-10-2021",98,67050
"Yukon","19-10-2021",0,67050
"Yukon","20-10-2021",0,67050
"Yukon","21-10-2021",0,67050
"Yukon","22-10-2021",217,67267
"Yukon","23-10-2021",0,67267
"Yukon","24-10-2021",0,67267
"Yukon","25-10-2021",291,67558
"Yukon","26-10-2021",0,67558
"Yukon","27-10-2021",121,67679
"Yukon","28-10-2021",0,67679
"Yukon","29-10-2021",83,67762
"Yukon","30-10-2021",0,67762
"Yukon","31-10-2021",0,67762
"Yukon","01-11-2021",84,67846
"Yukon","02-11-2021",0,67846
"Yukon","03-11-2021",622,68468
"Yukon","04-11-2021",0,68468
"Yukon","05-11-2021",890,69358
"Yukon","06-11-2021",0,69358
"Yukon","07-11-2021",0,69358
"Yukon","08-11-2021",0,69358
"Yukon","09-11-2021",0,69358
"Yukon","10-11-2021",1405,70763
"Yukon","11-11-2021",0,70763
"Yukon","12-11-2021",0,70763
"Yukon","13-11-2021",0,70763
"Yukon","14-11-2021",0,70763
"Yukon","15-11-2021",1202,71965
"Yukon","16-11-2021",0,71965
"Yukon","17-11-2021",796,72761
"Yukon","18-11-2021",0,72761
"Yukon","19-11-2021",720,73481
"Yukon","20-11-2021",0,73481
"Yukon","21-11-2021",0,73481
"Yukon","22-11-2021",700,74181
"Yukon","23-11-2021",0,74181
"Yukon","24-11-2021",899,75080
"Yukon","25-11-2021",0,75080
"Yukon","26-11-2021",500,75580
"Yukon","27-11-2021",0,75580
"Yukon","28-11-2021",0,75580
"Yukon","29-11-2021",3,75583
"Yukon","30-11-2021",0,75583
"Yukon","01-12-2021",890,76473
"Yukon","02-12-2021",0,76473
"Yukon","03-12-2021",717,77190
"Yukon","04-12-2021",0,77190
"Yukon","05-12-2021",0,77190
"Yukon","06-12-2021",485,77675
"Yukon","07-12-2021",0,77675
"Yukon","08-12-2021",515,78190
"Yukon","09-12-2021",0,78190
"Yukon","10-12-2021",949,79139
"Yukon","11-12-2021",0,79139
"Yukon","12-12-2021",0,79139
"Yukon","13-12-2021",510,79649
"Yukon","14-12-2021",0,79649
"Yukon","15-12-2021",0,79649
"Yukon","16-12-2021",0,79649
"Yukon","17-12-2021",823,80472
"Yukon","18-12-2021",0,80472
"Yukon","19-12-2021",0,80472
"Yukon","20-12-2021",353,80825
"Yukon","21-12-2021",0,80825
"Yukon","22-12-2021",0,80825
"Yukon","23-12-2021",0,80825
"Yukon","24-12-2021",1192,82017
"Yukon","25-12-2021",0,82017
"Yukon","26-12-2021",0,82017
"Yukon","27-12-2021",0,82017
"Yukon","28-12-2021",0,82017
"Yukon","29-12-2021",1,82018
"Yukon","30-12-2021",0,82018
"Yukon","31-12-2021",0,82018
"Yukon","01-01-2022",0,82018
"Yukon","02-01-2022",0,82018
"Yukon","03-01-2022",0,82018
"Yukon","04-01-2022",0,82018
"Yukon","05-01-2022",1857,83875
"Yukon","06-01-2022",0,83875
"Yukon","07-01-2022",1176,85051
"Yukon","08-01-2022",0,85051
"Yukon","09-01-2022",0,85051
"Yukon","10-01-2022",938,85989
"Yukon","11-01-2022",0,85989
"Yukon","12-01-2022",923,86912
"Yukon","13-01-2022",0,86912
"Yukon","14-01-2022",959,87871
"Yukon","15-01-2022",0,87871
"Yukon","16-01-2022",0,87871
"Yukon","17-01-2022",680,88551
"Yukon","18-01-2022",0,88551
"Yukon","19-01-2022",304,88855
"Yukon","20-01-2022",0,88855
"Yukon","21-01-2022",0,88855
"Yukon","22-01-2022",0,88855
"Yukon","23-01-2022",0,88855
"Yukon","24-01-2022",902,89757
"Yukon","25-01-2022",0,89757
"Yukon","26-01-2022",225,89982
"Yukon","27-01-2022",0,89982
"Yukon","28-01-2022",210,90192
"Yukon","29-01-2022",0,90192
"Yukon","30-01-2022",0,90192
"Yukon","31-01-2022",188,90380
"Yukon","01-02-2022",0,90380
"Yukon","02-02-2022",194,90574
"Yukon","03-02-2022",0,90574
"Yukon","04-02-2022",235,90809
"Yukon","05-02-2022",0,90809
"Yukon","06-02-2022",0,90809
"Yukon","07-02-2022",187,90996
"Yukon","08-02-2022",0,90996
"Yukon","09-02-2022",303,91299
"Yukon","10-02-2022",0,91299
"Yukon","11-02-2022",0,91299
"Yukon","12-02-2022",0,91299
"Yukon","13-02-2022",0,91299
"Yukon","14-02-2022",633,91932
"Yukon","15-02-2022",0,91932
"Yukon","16-02-2022",224,92156
"Yukon","17-02-2022",0,92156
"Yukon","18-02-2022",-2785,89371
"Yukon","19-02-2022",0,89371
"Yukon","20-02-2022",0,89371
"Yukon","21-02-2022",688,90059
"Yukon","22-02-2022",0,90059
"Yukon","23-02-2022",0,90059
"Yukon","24-02-2022",0,90059
"Yukon","25-02-2022",0,90059
"Yukon","26-02-2022",0,90059
"Yukon","27-02-2022",0,90059
"Yukon","28-02-2022",366,90425
"Yukon","01-03-2022",0,90425
"Yukon","02-03-2022",0,90425
"Yukon","03-03-2022",0,90425
"Yukon","04-03-2022",0,90425
"Yukon","05-03-2022",0,90425
"Yukon","06-03-2022",0,90425
"Yukon","07-03-2022",217,90642
"Yukon","08-03-2022",0,90642
"Yukon","09-03-2022",0,90642
"Yukon","10-03-2022",0,90642
"Yukon","11-03-2022",0,90642
"Yukon","12-03-2022",0,90642
"Yukon","13-03-2022",0,90642
"Yukon","14-03-2022",290,90932
"Yukon","15-03-2022",0,90932
"Yukon","16-03-2022",0,90932
"Yukon","17-03-2022",0,90932
"Yukon","18-03-2022",0,90932
"Yukon","19-03-2022",0,90932
"Yukon","20-03-2022",0,90932
"Yukon","21-03-2022",185,91117
"Yukon","22-03-2022",0,91117
