"province","date_vaccine_administered","avaccine","cumulative_avaccine"
"Canada","14-12-2020",297,297
"Canada","15-12-2020",866,1163
"Canada","16-12-2020",2229,3392
"Canada","17-12-2020",3821,7213
"Canada","18-12-2020",3422,10635
"Canada","19-12-2020",1584,12219
"Canada","20-12-2020",2600,14819
"Canada","21-12-2020",6077,20896
"Canada","22-12-2020",5427,26323
"Canada","23-12-2020",8810,35133
"Canada","24-12-2020",10312,45445
"Canada","25-12-2020",303,45748
"Canada","26-12-2020",3020,48768
"Canada","27-12-2020",3563,52331
"Canada","28-12-2020",7174,59505
"Canada","29-12-2020",11003,70508
"Canada","30-12-2020",8783,79291
"Canada","31-12-2020",16326,95617
"Canada","01-01-2021",8865,104482
"Canada","02-01-2021",8051,112533
"Canada","03-01-2021",5310,117843
"Canada","04-01-2021",19025,136868
"Canada","05-01-2021",18794,155662
"Canada","06-01-2021",28175,183837
"Canada","07-01-2021",35800,219637
"Canada","08-01-2021",41822,261459
"Canada","09-01-2021",36138,297597
"Canada","10-01-2021",23809,321406
"Canada","11-01-2021",39185,360591
"Canada","12-01-2021",29564,390155
"Canada","13-01-2021",29932,420087
"Canada","14-01-2021",41561,461648
"Canada","15-01-2021",48648,510296
"Canada","16-01-2021",37099,547395
"Canada","17-01-2021",28672,576067
"Canada","18-01-2021",40920,616987
"Canada","19-01-2021",38970,655957
"Canada","20-01-2021",42803,698760
"Canada","21-01-2021",42949,741709
"Canada","22-01-2021",37899,779608
"Canada","23-01-2021",24844,804452
"Canada","24-01-2021",14534,818986
"Canada","25-01-2021",23234,842220
"Canada","26-01-2021",29087,871307
"Canada","27-01-2021",22996,894303
"Canada","28-01-2021",23867,918170
"Canada","29-01-2021",21923,940093
"Canada","30-01-2021",14643,954736
"Canada","31-01-2021",4455,959191
"Canada","01-02-2021",18153,977344
"Canada","02-02-2021",11722,989066
"Canada","03-02-2021",13762,1002828
"Canada","04-02-2021",19113,1021941
"Canada","05-02-2021",22818,1044759
"Canada","06-02-2021",21374,1066133
"Canada","07-02-2021",11880,1078013
"Canada","08-02-2021",22236,1100249
"Canada","09-02-2021",26260,1126509
"Canada","10-02-2021",29617,1156126
"Canada","11-02-2021",32417,1188543
"Canada","12-02-2021",35231,1223774
"Canada","13-02-2021",31738,1255512
"Canada","14-02-2021",17291,1272803
"Canada","15-02-2021",3357,1276160
"Canada","16-02-2021",32552,1308712
"Canada","17-02-2021",22840,1331552
"Canada","18-02-2021",25124,1356676
"Canada","19-02-2021",47649,1404325
"Canada","20-02-2021",50526,1454851
"Canada","21-02-2021",39730,1494581
"Canada","22-02-2021",61768,1556349
"Canada","23-02-2021",49310,1605659
"Canada","24-02-2021",50110,1655769
"Canada","25-02-2021",54869,1710638
"Canada","26-02-2021",66988,1777626
"Canada","27-02-2021",62274,1839900
"Canada","28-02-2021",46415,1886315
"Canada","01-03-2021",66832,1953147
"Canada","02-03-2021",65481,2018628
"Canada","03-03-2021",78191,2096819
"Canada","04-03-2021",76942,2173761
"Canada","05-03-2021",86066,2259827
"Canada","06-03-2021",75979,2335806
"Canada","07-03-2021",57107,2392913
"Canada","08-03-2021",78332,2471245
"Canada","09-03-2021",78254,2549499
"Canada","10-03-2021",87513,2637012
"Canada","11-03-2021",88596,2725608
"Canada","12-03-2021",109697,2835305
"Canada","13-03-2021",105160,2940465
"Canada","14-03-2021",92381,3032846
"Canada","15-03-2021",124390,3157236
"Canada","16-03-2021",120940,3278176
"Canada","17-03-2021",139803,3417979
"Canada","18-03-2021",157261,3575240
"Canada","19-03-2021",155951,3731191
"Canada","20-03-2021",141609,3872800
"Canada","21-03-2021",90665,3963465
"Canada","22-03-2021",143585,4107050
"Canada","23-03-2021",128444,4235494
"Canada","24-03-2021",170358,4405852
"Canada","25-03-2021",190316,4596168
"Canada","26-03-2021",218394,4814562
"Canada","27-03-2021",169496,4984058
"Canada","28-03-2021",147873,5131931
"Canada","29-03-2021",188010,5319941
"Canada","30-03-2021",174437,5494378
"Canada","31-03-2021",223182,5717560
"Canada","01-04-2021",206191,5923751
"Canada","02-04-2021",85375,6009126
"Canada","03-04-2021",213346,6222472
"Canada","04-04-2021",51409,6273881
"Canada","05-04-2021",319446,6593327
"Canada","06-04-2021",204763,6798090
"Canada","07-04-2021",233886,7031976
"Canada","08-04-2021",256367,7288343
"Canada","09-04-2021",306525,7594868
"Canada","10-04-2021",208806,7803674
"Canada","11-04-2021",206746,8010420
"Canada","12-04-2021",337298,8347718
"Canada","13-04-2021",271397,8619115
"Canada","14-04-2021",299028,8918143
"Canada","15-04-2021",309980,9228123
"Canada","16-04-2021",321588,9549711
"Canada","17-04-2021",249283,9798994
"Canada","18-04-2021",198624,9997618
"Canada","19-04-2021",269475,10267093
"Canada","20-04-2021",239966,10507059
"Canada","21-04-2021",314943,10822002
"Canada","22-04-2021",362142,11184144
"Canada","23-04-2021",363063,11547207
"Canada","24-04-2021",286241,11833448
"Canada","25-04-2021",231894,12065342
"Canada","26-04-2021",263748,12329090
"Canada","27-04-2021",258703,12587793
"Canada","28-04-2021",262810,12850603
"Canada","29-04-2021",306642,13157245
"Canada","30-04-2021",281182,13438427
"Canada","01-05-2021",232534,13670961
"Canada","02-05-2021",172689,13843650
"Canada","03-05-2021",226217,14069867
"Canada","04-05-2021",233480,14303347
"Canada","05-05-2021",284911,14588258
"Canada","06-05-2021",352007,14940265
"Canada","07-05-2021",403039,15343304
"Canada","08-05-2021",327402,15670706
"Canada","09-05-2021",265613,15936319
"Canada","10-05-2021",341700,16278019
"Canada","11-05-2021",343432,16621451
"Canada","12-05-2021",307845,16929296
"Canada","13-05-2021",336154,17265450
"Canada","14-05-2021",490195,17755645
"Canada","15-05-2021",365404,18121049
"Canada","16-05-2021",318178,18439227
"Canada","17-05-2021",390333,18829560
"Canada","18-05-2021",285690,19115250
"Canada","19-05-2021",358583,19473833
"Canada","20-05-2021",399005,19872838
"Canada","21-05-2021",482955,20355793
"Canada","22-05-2021",385902,20741695
"Canada","23-05-2021",312251,21053946
"Canada","24-05-2021",113556,21167502
"Canada","25-05-2021",499263,21666765
"Canada","26-05-2021",319515,21986280
"Canada","27-05-2021",392677,22378957
"Canada","28-05-2021",456969,22835926
"Canada","29-05-2021",347367,23183293
"Canada","30-05-2021",316480,23499773
"Canada","31-05-2021",389722,23889495
"Canada","01-06-2021",307087,24196582
"Canada","02-06-2021",346041,24542623
"Canada","03-06-2021",412806,24955429
"Canada","04-06-2021",460527,25415956
"Canada","05-06-2021",375241,25791197
"Canada","06-06-2021",322304,26113501
"Canada","07-06-2021",404172,26517673
"Canada","08-06-2021",351375,26869048
"Canada","09-06-2021",402441,27271489
"Canada","10-06-2021",472381,27743870
"Canada","11-06-2021",511832,28255702
"Canada","12-06-2021",397339,28653041
"Canada","13-06-2021",384425,29037466
"Canada","14-06-2021",446533,29483999
"Canada","15-06-2021",446531,29930530
"Canada","16-06-2021",461788,30392318
"Canada","17-06-2021",506645,30898963
"Canada","18-06-2021",533606,31432569
"Canada","19-06-2021",419046,31851615
"Canada","20-06-2021",352655,32204270
"Canada","21-06-2021",395403,32599673
"Canada","22-06-2021",482381,33082054
"Canada","23-06-2021",517679,33599733
"Canada","24-06-2021",589414,34189147
"Canada","25-06-2021",519115,34708262
"Canada","26-06-2021",324366,35032628
"Canada","27-06-2021",259959,35292587
"Canada","28-06-2021",918288,36210875
"Canada","29-06-2021",586518,36797393
"Canada","30-06-2021",606770,37404163
"Canada","01-07-2021",74053,37478216
"Canada","02-07-2021",954452,38432668
"Canada","03-07-2021",252256,38684924
"Canada","04-07-2021",236410,38921334
"Canada","05-07-2021",794753,39716087
"Canada","06-07-2021",483364,40199451
"Canada","07-07-2021",501242,40700693
"Canada","08-07-2021",619851,41320544
"Canada","09-07-2021",545127,41865671
"Canada","10-07-2021",249795,42115466
"Canada","11-07-2021",200266,42315732
"Canada","12-07-2021",702779,43018511
"Canada","13-07-2021",416422,43434933
"Canada","14-07-2021",424585,43859518
"Canada","15-07-2021",437619,44297137
"Canada","16-07-2021",430540,44727677
"Canada","17-07-2021",197324,44925001
"Canada","18-07-2021",150701,45075702
"Canada","19-07-2021",601623,45677325
"Canada","20-07-2021",336719,46014044
"Canada","21-07-2021",384603,46398647
"Canada","22-07-2021",381133,46779780
"Canada","23-07-2021",354421,47134201
"Canada","24-07-2021",151586,47285787
"Canada","25-07-2021",124591,47410378
"Canada","26-07-2021",558256,47968634
"Canada","27-07-2021",279751,48248385
"Canada","28-07-2021",274472,48522857
"Canada","29-07-2021",269578,48792435
"Canada","30-07-2021",257139,49049574
"Canada","31-07-2021",102475,49152049
"Canada","01-08-2021",86166,49238215
"Canada","02-08-2021",231665,49469880
"Canada","03-08-2021",317605,49787485
"Canada","04-08-2021",168972,49956457
"Canada","05-08-2021",190442,50146899
"Canada","06-08-2021",176153,50323052
"Canada","07-08-2021",128393,50451445
"Canada","08-08-2021",99810,50551255
"Canada","09-08-2021",186453,50737708
"Canada","10-08-2021",132612,50870320
"Canada","11-08-2021",141870,51012190
"Canada","12-08-2021",154247,51166437
"Canada","13-08-2021",148468,51314905
"Canada","14-08-2021",114057,51428962
"Canada","15-08-2021",101164,51530126
"Canada","16-08-2021",164579,51694705
"Canada","17-08-2021",138509,51833214
"Canada","18-08-2021",125983,51959197
"Canada","19-08-2021",139055,52098252
"Canada","20-08-2021",130135,52228387
"Canada","21-08-2021",102997,52331384
"Canada","22-08-2021",78618,52410002
"Canada","23-08-2021",120144,52530146
"Canada","24-08-2021",120421,52650567
"Canada","25-08-2021",107018,52757585
"Canada","26-08-2021",125972,52883557
"Canada","27-08-2021",119028,53002585
"Canada","28-08-2021",83800,53086385
"Canada","29-08-2021",70893,53157278
"Canada","30-08-2021",125997,53283275
"Canada","31-08-2021",86619,53369894
"Canada","01-09-2021",103214,53473108
"Canada","02-09-2021",99731,53572839
"Canada","03-09-2021",118034,53690873
"Canada","04-09-2021",87713,53778586
"Canada","05-09-2021",68223,53846809
"Canada","06-09-2021",19591,53866400
"Canada","07-09-2021",125684,53992084
"Canada","08-09-2021",89800,54081884
"Canada","09-09-2021",103288,54185172
"Canada","10-09-2021",103707,54288879
"Canada","11-09-2021",78800,54367679
"Canada","12-09-2021",62198,54429877
"Canada","13-09-2021",103158,54533035
"Canada","14-09-2021",76470,54609505
"Canada","15-09-2021",86799,54696304
"Canada","16-09-2021",97979,54794283
"Canada","17-09-2021",162687,54956970
"Canada","18-09-2021",72468,55029438
"Canada","19-09-2021",59027,55088465
"Canada","20-09-2021",140795,55229260
"Canada","21-09-2021",100661,55329921
"Canada","22-09-2021",103873,55433794
"Canada","23-09-2021",119810,55553604
"Canada","24-09-2021",167325,55720929
"Canada","25-09-2021",80734,55801663
"Canada","26-09-2021",66733,55868396
"Canada","27-09-2021",121361,55989757
"Canada","28-09-2021",70086,56059843
"Canada","29-09-2021",110749,56170592
"Canada","30-09-2021",46676,56217268
"Canada","01-10-2021",151914,56369182
"Canada","02-10-2021",64630,56433812
"Canada","03-10-2021",47948,56481760
"Canada","04-10-2021",105199,56586959
"Canada","05-10-2021",77235,56664194
"Canada","06-10-2021",84850,56749044
"Canada","07-10-2021",87126,56836170
"Canada","08-10-2021",100020,56936190
"Canada","09-10-2021",68372,57004562
"Canada","10-10-2021",55050,57059612
"Canada","11-10-2021",10659,57070271
"Canada","12-10-2021",121185,57191456
"Canada","13-10-2021",94310,57285766
"Canada","14-10-2021",98134,57383900
"Canada","15-10-2021",103126,57487026
"Canada","16-10-2021",57874,57544900
"Canada","17-10-2021",44813,57589713
"Canada","18-10-2021",110047,57699760
"Canada","19-10-2021",73069,57772829
"Canada","20-10-2021",80615,57853444
"Canada","21-10-2021",89773,57943217
"Canada","22-10-2021",93997,58037214
"Canada","23-10-2021",51989,58089203
"Canada","24-10-2021",38152,58127355
"Canada","25-10-2021",101701,58229056
"Canada","26-10-2021",72174,58301230
"Canada","27-10-2021",74714,58375944
"Canada","28-10-2021",80508,58456452
"Canada","29-10-2021",84700,58541152
"Canada","30-10-2021",45048,58586200
"Canada","31-10-2021",32061,58618261
"Canada","01-11-2021",82346,58700607
"Canada","02-11-2021",44412,58745019
"Canada","03-11-2021",75580,58820599
"Canada","04-11-2021",77764,58898363
"Canada","05-11-2021",72273,58970636
"Canada","06-11-2021",32258,59002894
"Canada","07-11-2021",28023,59030917
"Canada","08-11-2021",88867,59119784
"Canada","09-11-2021",64559,59184343
"Canada","10-11-2021",89394,59273737
"Canada","11-11-2021",39475,59313212
"Canada","12-11-2021",91383,59404595
"Canada","13-11-2021",36932,59441527
"Canada","14-11-2021",27423,59468950
"Canada","15-11-2021",100573,59569523
"Canada","16-11-2021",61430,59630953
"Canada","17-11-2021",76027,59706980
"Canada","18-11-2021",75547,59782527
"Canada","19-11-2021",71737,59854264
"Canada","20-11-2021",32670,59886934
"Canada","21-11-2021",23482,59910416
"Canada","22-11-2021",84194,59994610
"Canada","23-11-2021",24481,60019091
"Canada","24-11-2021",61064,60080155
"Canada","25-11-2021",71439,60151594
"Canada","26-11-2021",87114,60238708
"Canada","27-11-2021",68857,60307565
"Canada","28-11-2021",72985,60380550
"Canada","29-11-2021",134522,60515072
"Canada","30-11-2021",103734,60618806
"Canada","01-12-2021",117546,60736352
"Canada","02-12-2021",125742,60862094
"Canada","03-12-2021",880360,61742454
"Canada","04-12-2021",123947,61866401
"Canada","05-12-2021",104922,61971323
"Canada","06-12-2021",180671,62151994
"Canada","07-12-2021",150165,62302159
"Canada","08-12-2021",191233,62493392
"Canada","09-12-2021",174724,62668116
"Canada","10-12-2021",240303,62908419
"Canada","11-12-2021",141917,63050336
"Canada","12-12-2021",104251,63154587
"Canada","13-12-2021",199414,63354001
"Canada","14-12-2021",215524,63569525
"Canada","15-12-2021",259740,63829265
"Canada","16-12-2021",291928,64121193
"Canada","17-12-2021",318797,64439990
"Canada","18-12-2021",245066,64685056
"Canada","19-12-2021",199891,64884947
"Canada","20-12-2021",345411,65230358
"Canada","21-12-2021",376177,65606535
"Canada","22-12-2021",446110,66052645
"Canada","23-12-2021",471689,66524334
"Canada","24-12-2021",383027,66907361
"Canada","25-12-2021",118090,67025451
"Canada","26-12-2021",14000,67039451
"Canada","27-12-2021",79003,67118454
"Canada","28-12-2021",214481,67332935
"Canada","29-12-2021",516809,67849744
"Canada","30-12-2021",370601,68220345
"Canada","31-12-2021",346220,68566565
"Canada","01-01-2022",136091,68702656
"Canada","02-01-2022",22610,68725266
"Canada","03-01-2022",122179,68847445
"Canada","04-01-2022",471466,69318911
"Canada","05-01-2022",389244,69708155
"Canada","06-01-2022",418371,70126526
"Canada","07-01-2022",423181,70549707
"Canada","08-01-2022",325019,70874726
"Canada","09-01-2022",220816,71095542
"Canada","10-01-2022",410155,71505697
"Canada","11-01-2022",353745,71859442
"Canada","12-01-2022",422045,72281487
"Canada","13-01-2022",421658,72703145
"Canada","14-01-2022",442684,73145829
"Canada","15-01-2022",286834,73432663
"Canada","16-01-2022",211220,73643883
"Canada","17-01-2022",414012,74057895
"Canada","18-01-2022",249469,74307364
"Canada","19-01-2022",352914,74660278
"Canada","20-01-2022",316145,74976423
"Canada","21-01-2022",315180,75291603
"Canada","22-01-2022",223751,75515354
"Canada","23-01-2022",169683,75685037
"Canada","24-01-2022",345428,76030465
"Canada","25-01-2022",304749,76335214
